6.07153216592e-18 0.01
0.01 0.0
0.0810187254671 0.0717854725592
0.0237022538233 0.125699302269
2.16840434497e-18 -0.01
0.0273669097556 -0.0497866989085
0.0660613426517 -0.0370020240303
-0.0345351532714 -0.0731323278515
0.0158772795087 -0.103123435074
-0.01 0.0
-0.0831734620626 -0.04480669296
-0.104508932181 0.0486703896471
-0.154684061653 -0.00162722241861
-0.0789164780303 0.106186794631
-0.056025964225 0.195905731473
0.0601544583022 0.237065448625
-0.0285690953192 0.297667454243
0.141909834763 0.172356978663
0.143159746128 0.00832102239168
0.2205073901 0.0993020943496
1.0 0.0
0.986277439286 0.164581557103
0.832839582309 0.151338814079
0.834583104496 0.0074630095403
0.945675190572 0.324652000328
0.812757095101 0.290188207505
0.879302032631 0.475855617815
0.773871056557 0.408907860667
0.788966860023 0.614078177931
0.692944476809 0.505431233934
0.677129536857 0.735558509833
0.589406145821 0.593854452725
0.546834127292 0.836990513424
0.470822284651 0.67293929269
0.401626308648 0.915612842206
0.342578328123 0.741744689951
0.245457199587 0.969283835146
0.207869479944 0.79557014364
0.0825762023029 0.996539671577
0.0699436609456 0.826779157428
-0.0825762023029 0.996539671577
-0.0643688975236 0.833457275427
-0.245457199587 0.969283835146
-0.195564619643 0.791259040377
-0.401626308648 0.915612842206
-0.335387717 0.738481465158
-0.546834127292 0.836990513424
-0.470447968882 0.671204150522
-0.677129536857 0.735558509833
-0.594180228807 0.592763078335
-0.788966860023 0.614078177931
-0.704063865277 0.544610736242
-0.879302032631 0.475855617815
-0.729044507 0.426990952459
-0.945675190572 0.324652000328
-0.78025852749 0.286138208454
-0.986277439286 0.164581557103
-0.82234669637 0.142701761309
-1.0 -7.19961669709e-15
-0.844338218422 -0.00282532195685
-0.986277439286 -0.164581557103
-0.838597773385 -0.14598268335
-0.945675190572 -0.324652000328
-0.79855160201 -0.283273993079
-0.879302032631 -0.475855617815
-0.731160211618 -0.413568790327
-0.788966860023 -0.614078177931
-0.644865379854 -0.533759039628
-0.677129536857 -0.735558509833
-0.549089330735 -0.64807582786
-0.546834127292 -0.836990513424
-0.48870734873 -0.748531890921
-0.401626308648 -0.915612842206
-0.371749894924 -0.764413347365
-0.245457199587 -0.969283835146
-0.225474431556 -0.801478476629
-0.0825762023029 -0.996539671577
-0.0772935992673 -0.828104005289
0.0825762023029 -0.996539671577
0.0735285872094 -0.83241806485
0.245457199587 -0.969283835146
0.219452685245 -0.81902988944
0.401626308648 -0.915612842206
0.358214072226 -0.787570675168
0.546834127292 -0.836990513424
0.473696048249 -0.740173476399
0.677129536857 -0.735558509833
0.564924769349 -0.652257968099
0.788966860023 -0.614078177931
0.647108485965 -0.542137255113
0.879302032631 -0.475855617815
0.718330115637 -0.416815384223
0.945675190572 -0.324652000328
0.774539140563 -0.28091733295
0.986277439286 -0.164581557103
0.813314304242 -0.137832768628
-0.0745141345384 -0.136525780687
-0.0169573126397 -0.176125804357
-0.1365774903 -0.105573322572
-0.210467629918 -0.0629787574198
-0.21954610799 0.0562316874655
-0.289126305836 -0.00185005843186
-0.16125846611 0.085848139798
-0.160785524281 0.153241261915
-0.144534963383 0.243891776974
-0.119281111079 0.339238852629
-0.00763099559776 0.414736558596
-0.117692925018 0.447866715617
0.0966648684033 0.360075623924
0.698100548293 0.273200670082
0.695499488245 0.154388151751
0.697593593818 0.362949360606
0.620809176605 0.406739551067
0.5202927044 0.46309130506
0.169367023025 0.641225368349
0.289984127163 0.584601692084
0.050516792159 0.687425522478
-0.0479997141876 0.714401954505
-0.128418449829 0.615192192479
-0.27373172354 0.576295940192
-0.406084734244 0.513977763765
-0.552950761191 0.414506390854
-0.625904086018 0.24699894119
-0.677458379448 0.109977548047
-0.709953829503 -0.0132985791317
-0.715044270737 -0.131109360299
-0.673471890487 -0.23685496842
-0.60352451557 -0.346498963456
-0.510665639164 -0.458831488598
-0.38381220229 -0.59021321886
-0.207860348668 -0.645658321343
-0.0606060181067 -0.674696848824
0.0757697162799 -0.682876135878
0.213129369232 -0.681509109399
0.334180701496 -0.675082462818
0.423736557262 -0.668247446782
0.463332922041 -0.589486401129
0.620930401219 -0.241152972294
0.571274134231 -0.36708584826
0.659917490253 -0.110459095866
0.684782045394 0.0223804414931
0.208026045613 -0.0996378152886
0.292072913277 0.0167297060594
0.0856103918473 -0.115334192804
0.0597603834465 -0.214918156351
-0.0740779893972 -0.250493026762
-0.000567726906796 -0.312918031033
-0.10907485488 -0.189513679267
-0.178632440705 -0.181522230351
-0.266053753927 -0.142279806296
-0.355852975987 -0.0817860376108
-0.375238686315 0.0827479745197
-0.447634580446 -0.0087367367748
-0.279214655371 0.1672065962
-0.239240098462 0.285929633472
-0.195346525239 0.355791772492
0.19854929752 0.293130646762
0.478141849416 0.332998795912
0.590014621869 0.295771622069
0.126959538049 0.497961562615
0.24336351415 0.438480153151
0.00993627724164 0.556429214947
-0.226951778066 0.440995446931
-0.322409397625 0.378732676804
-0.410549966453 0.283231733469
-0.489946293389 0.171502942708
-0.552287766343 0.0600603477894
-0.599418872398 -0.041285077329
-0.629810650208 -0.118014064705
-0.576409052729 -0.183296132078
-0.500632569316 -0.265340614969
-0.402915664746 -0.352111983092
-0.280981600955 -0.436347662655
-0.152378713617 -0.503099549914
-0.032652784519 -0.542922738469
0.0921626883915 -0.543638807319
0.223708853284 -0.551028353331
0.352080169851 -0.565099838509
0.479390366207 -0.200511982391
0.433023421616 -0.326513939889
0.520333265556 -0.0761969761141
0.549911699719 0.0460112634508
0.56800027761 0.171763820376
0.344058963357 -0.157757393016
0.397751533983 -0.0350785219691
0.100229035599 -0.395881599695
0.168322991731 -0.250768895183
-0.088708912415 -0.389641163057
-0.00704422044499 -0.442815167074
-0.187500431163 -0.300161939333
-0.32040511203 -0.244242777377
-0.421343526865 -0.173291615529
-0.509981763721 -0.100315647349
0.252649360687 -0.420406015396
0.299619959879 -0.288527944025
0.434518966093 0.0761069727271
0.447135111479 0.197110776001
0.313036512011 0.209917376938
0.346542797127 0.100918018575
0.516708808585 -0.485365681597
0.387665727211 -0.448345303367
0.409298000313 0.523747666203
0.358903806549 0.377303514018
