6.07153216592e-18 0.01 0.303101254623
0.01 0.0 0.303104034445
0.0810187254671 0.0717854725592 0.303156158119
0.0237022538233 0.125699302269 0.303185489202
2.16840434497e-18 -0.01 0.303099059779
0.0273669097556 -0.0497866989085 0.303029969452
0.0660613426517 -0.0370020240303 0.3030592329
-0.0345351532714 -0.0731323278515 0.302985512738
0.0158772795087 -0.103123435074 0.302943907116
-0.01 0.0 0.30308922557
-0.0831734620626 -0.04480669296 0.302978773553
-0.104508932181 0.0486703896471 0.303035248381
-0.154684061653 -0.00162722241861 0.302958160761
-0.0789164780303 0.106186794631 0.303098195913
-0.056025964225 0.195905731473 0.303194106147
0.0601544583022 0.237065448625 0.30326662534
-0.0285690953192 0.297667454243 0.303352147759
0.141909834763 0.172356978663 0.303228151808
0.143159746128 0.00832102239168 0.303096958275
0.2205073901 0.0993020943496 0.303164670434
1.0 0.0 0.303001281921
0.986277439286 0.164581557103 0.303007226532
0.832839582309 0.151338814079 0.303030979213
0.834583104496 0.0074630095403 0.303013639766
0.945675190572 0.324652000328 0.303011743157
0.812757095101 0.290188207505 0.303043017514
0.879302032631 0.475855617815 0.303014382363
0.773871056557 0.408907860667 0.303042833799
0.788966860023 0.614078177931 0.303019952895
0.692944476809 0.505431233934 0.30305526664
0.677129536857 0.735558509833 0.303030036723
0.589406145821 0.593854452725 0.303080494222
0.546834127292 0.836990513424 0.303043452085
0.470822284651 0.67293929269 0.303118489879
0.401626308648 0.915612842206 0.3030663644
0.342578328123 0.741744689951 0.303182652384
0.245457199587 0.969283835146 0.303097692866
0.207869479944 0.79557014364 0.303278626676
0.0825762023029 0.996539671577 0.303126602919
0.0699436609456 0.826779157428 0.303383792681
-0.0825762023029 0.996539671577 0.303120376509
-0.0643688975236 0.833457275427 0.303383631827
-0.245457199587 0.969283835146 0.303106699727
-0.195564619643 0.791259040377 0.303387681702
-0.401626308648 0.915612842206 0.303061516893
-0.335387717 0.738481465158 0.303226456045
-0.546834127292 0.836990513424 0.303018866562
-0.470447968882 0.671204150522 0.303048755549
-0.677129536857 0.735558509833 0.302973864644
-0.594180228807 0.592763078335 0.302912394091
-0.788966860023 0.614078177931 0.302950565545
-0.704063865277 0.544610736242 0.302896670084
-0.879302032631 0.475855617815 0.302913317083
-0.729044507 0.426990952459 0.302792615572
-0.945675190572 0.324652000328 0.302904893048
-0.78025852749 0.286138208454 0.302735236296
-0.986277439286 0.164581557103 0.302906672321
-0.82234669637 0.142701761309 0.302734773559
-1.0 -7.19961669709e-15 0.302913378755
-0.844338218422 -0.00282532195685 0.302743433205
-0.986277439286 -0.164581557103 0.302929515524
-0.838597773385 -0.14598268335 0.302786091671
-0.945675190572 -0.324652000328 0.30294747836
-0.79855160201 -0.283273993079 0.302839872502
-0.879302032631 -0.475855617815 0.302957566446
-0.731160211618 -0.413568790327 0.302872949427
-0.788966860023 -0.614078177931 0.302962819195
-0.644865379854 -0.533759039628 0.302890828264
-0.677129536857 -0.735558509833 0.302966283143
-0.549089330735 -0.64807582786 0.302904823168
-0.546834127292 -0.836990513424 0.302971950247
-0.48870734873 -0.748531890921 0.302934637045
-0.401626308648 -0.915612842206 0.302960407576
-0.371749894924 -0.764413347365 0.302895227942
-0.245457199587 -0.969283835146 0.302949031537
-0.225474431556 -0.801478476629 0.302852300404
-0.0825762023029 -0.996539671577 0.302934737915
-0.0772935992673 -0.828104005289 0.302801977104
0.0825762023029 -0.996539671577 0.302928568592
0.0735285872094 -0.83241806485 0.302777733853
0.245457199587 -0.969283835146 0.302933787403
0.219452685245 -0.81902988944 0.302783442285
0.401626308648 -0.915612842206 0.302947381173
0.358214072226 -0.787570675168 0.302824960407
0.546834127292 -0.836990513424 0.302959997182
0.473696048249 -0.740173476399 0.30287685427
0.677129536857 -0.735558509833 0.302966600697
0.564924769349 -0.652257968099 0.302893478357
0.788966860023 -0.614078177931 0.30297400062
0.647108485965 -0.542137255113 0.30291574169
0.879302032631 -0.475855617815 0.302983633361
0.718330115637 -0.416815384223 0.302947468648
0.945675190572 -0.324652000328 0.30298952375
0.774539140563 -0.28091733295 0.302972443314
0.986277439286 -0.164581557103 0.302995476504
0.813314304242 -0.137832768628 0.30299417298
-0.0745141345384 -0.136525780687 0.302868140669
-0.0169573126397 -0.176125804357 0.302836474363
-0.1365774903 -0.105573322572 0.302863603307
-0.210467629918 -0.0629787574198 0.30284760068
-0.21954610799 0.0562316874655 0.302913544558
-0.289126305836 -0.00185005843186 0.302801934343
-0.16125846611 0.085848139798 0.303005576522
-0.160785524281 0.153241261915 0.303057584226
-0.144534963383 0.243891776974 0.303205606455
-0.119281111079 0.339238852629 0.30348739739
-0.00763099559776 0.414736558596 0.303744783899
-0.117692925018 0.447866715617 0.304041587617
0.0966648684033 0.360075623924 0.303458054558
0.698100548293 0.273200670082 0.303092001192
0.695499488245 0.154388151751 0.303076983707
0.697593593818 0.362949360606 0.303074523163
0.620809176605 0.406739551067 0.303104203226
0.5202927044 0.46309130506 0.303157100855
0.169367023025 0.641225368349 0.303459256297
0.289984127163 0.584601692084 0.30330914028
0.050516792159 0.687425522478 0.303626133533
-0.0479997141876 0.714401954505 0.303630390941
-0.128418449829 0.615192192479 0.303787187672
-0.27373172354 0.576295940192 0.303491217688
-0.406084734244 0.513977763765 0.303065424329
-0.552950761191 0.414506390854 0.30263602978
-0.625904086018 0.24699894119 0.302453749409
-0.677458379448 0.109977548047 0.302481378295
-0.709953829503 -0.0132985791317 0.302520865861
-0.715044270737 -0.131109360299 0.302596216062
-0.673471890487 -0.23685496842 0.302684030329
-0.60352451557 -0.346498963456 0.302745460518
-0.510665639164 -0.458831488598 0.302765272264
-0.38381220229 -0.59021321886 0.302757802064
-0.207860348668 -0.645658321343 0.302672350287
-0.0606060181067 -0.674696848824 0.302542008589
0.0757697162799 -0.682876135878 0.302522697414
0.213129369232 -0.681509109399 0.302535803123
0.334180701496 -0.675082462818 0.302650202276
0.423736557262 -0.668247446782 0.302779997142
0.463332922041 -0.589486401129 0.302763509319
0.620930401219 -0.241152972294 0.302948672919
0.571274134231 -0.36708584826 0.302889834171
0.659917490253 -0.110459095866 0.30299977031
0.684782045394 0.0223804414931 0.303043335764
0.208026045613 -0.0996378152886 0.302939351631
0.292072913277 0.0167297060594 0.303100244942
0.0856103918473 -0.115334192804 0.302907252
0.0597603834465 -0.214918156351 0.302770589376
-0.0740779893972 -0.250493026762 0.302645988982
-0.000567726906796 -0.312918031033 0.302416165678
-0.10907485488 -0.189513679267 0.302763513641
-0.178632440705 -0.181522230351 0.302700632492
-0.266053753927 -0.142279806296 0.302696038135
-0.355852975987 -0.0817860376108 0.302650893146
-0.375238686315 0.0827479745197 0.302629946254
-0.447634580446 -0.0087367367748 0.302471362805
-0.279214655371 0.1672065962 0.302846937626
-0.239240098462 0.285929633472 0.303116371668
-0.195346525239 0.355791772492 0.303383538581
0.19854929752 0.293130646762 0.30342277465
0.478141849416 0.332998795912 0.303265532048
0.590014621869 0.295771622069 0.303162264855
0.126959538049 0.497961562615 0.303722330348
0.24336351415 0.438480153151 0.30346151662
0.00993627724164 0.556429214947 0.303967133576
-0.226951778066 0.440995446931 0.303706531499
-0.322409397625 0.378732676804 0.303144086725
-0.410549966453 0.283231733469 0.302566654564
-0.489946293389 0.171502942708 0.302323301613
-0.552287766343 0.0600603477894 0.302318305831
-0.599418872398 -0.041285077329 0.302356696589
-0.629810650208 -0.118014064705 0.302392593231
-0.576409052729 -0.183296132078 0.302529122755
-0.500632569316 -0.265340614969 0.302610417322
-0.402915664746 -0.352111983092 0.302618474319
-0.280981600955 -0.436347662655 0.302523297168
-0.152378713617 -0.503099549914 0.302349723425
-0.032652784519 -0.542922738469 0.302116216128
0.0921626883915 -0.543638807319 0.302141804947
0.223708853284 -0.551028353331 0.3021945987
0.352080169851 -0.565099838509 0.302518994939
0.479390366207 -0.200511982391 0.30291054875
0.433023421616 -0.326513939889 0.302785092765
0.520333265556 -0.0761969761141 0.303027736012
0.549911699719 0.0460112634508 0.303117336336
0.56800027761 0.171763820376 0.303177976574
0.344058963357 -0.157757393016 0.302868448575
0.397751533983 -0.0350785219691 0.303080118522
0.100229035599 -0.395881599695 0.301923169758
0.168322991731 -0.250768895183 0.302732196426
-0.088708912415 -0.389641163057 0.302113024682
-0.00704422044499 -0.442815167074 0.301663283451
-0.187500431163 -0.300161939333 0.302412863121
-0.32040511203 -0.244242777377 0.302492310747
-0.421343526865 -0.173291615529 0.302541352545
-0.509981763721 -0.100315647349 0.302475967255
0.252649360687 -0.420406015396 0.30212692551
0.299619959879 -0.288527944025 0.302682151415
0.434518966093 0.0761069727271 0.303227975754
0.447135111479 0.197110776001 0.303335184757
0.313036512011 0.209917376938 0.303324629928
0.346542797127 0.100918018575 0.303237412322
0.516708808585 -0.485365681597 0.302801014896
0.387665727211 -0.448345303367 0.302525271953
0.409298000313 0.523747666203 0.303203108302
0.358903806549 0.377303514018 0.303298878541
