1.0 0.0 0.325303302991
0.997014008342 0.0765455860495 0.323978231424
0.924688988522 0.0731091361714 0.32017771386
0.924827986826 0.00272877833597 0.321577714965
0.988198889286 0.15263692929 0.322481148562
0.917955537892 0.142445633236 0.318579731594
0.973606210609 0.227832611474 0.320999233389
0.90290420858 0.210646826444 0.317130272838
0.953320761468 0.301696388748 0.319518137675
0.880989010298 0.277885590561 0.31573441131
0.927460068785 0.373799674831 0.317942384545
0.853734524593 0.344674391003 0.314104060641
0.896157703659 0.443716033066 0.316308001056
0.821726422016 0.410861320147 0.312307546651
0.859519939073 0.510989520438 0.314617675276
0.785041892132 0.476064049191 0.310418168845
0.817859650357 0.575269878957 0.312871655834
0.74404177242 0.539797445335 0.308487119842
0.771418864691 0.636184375786 0.311028835868
0.700403337399 0.600725349787 0.306432825746
0.720467088781 0.693379650756 0.308700525834
0.656469297146 0.660278855272 0.303478863918
0.665299774154 0.746523727509 0.307479285771
0.633588861425 0.711610793094 0.303301746574
0.606214985176 0.7952794226 0.306239630155
0.580574921153 0.729672425772 0.302687633092
0.543533130688 0.83931286193 0.304656067698
0.516546694622 0.766509788852 0.300960873617
0.47767797853 0.87843567044 0.302994033672
0.451776456266 0.803107916489 0.299096594191
0.409031781206 0.912421159321 0.301402223754
0.384480302231 0.836403198446 0.297301326805
0.337992827081 0.941072190864 0.299925901252
0.315415511175 0.864078350186 0.295667083533
0.264973172946 0.964222300396 0.298497685519
0.244668204954 0.886043953051 0.294114616575
0.190386186049 0.98168394174 0.297098176338
0.172628588727 0.902765542342 0.292625075251
0.114675358773 0.99333494238 0.29576283946
0.099750250913 0.914474671028 0.291216817594
0.0382991872727 0.999177241581 0.294507924289
0.0270726988255 0.921965486088 0.289883255826
-0.0382991872727 0.999177241581 0.293237034011
-0.0434435809469 0.927008037842 0.288436612776
-0.114675358773 0.99333494238 0.292304259131
-0.107947609734 0.928377950721 0.287588687884
-0.190386186049 0.98168394174 0.291846852497
-0.170059640159 0.913082981632 0.28735400142
-0.264973172946 0.964222300396 0.291376402311
-0.237296424857 0.892652619623 0.286812944755
-0.337992827081 0.941072190864 0.291029513995
-0.306537304445 0.869194964099 0.286349725953
-0.409031781206 0.912421159321 0.290869635762
-0.375278220951 0.840949586391 0.286103408616
-0.47767797853 0.87843567044 0.290915720802
-0.442083948075 0.807562783018 0.286103894827
-0.543533130688 0.83931286193 0.291151112573
-0.506352938615 0.768837453982 0.286344543962
-0.606214985176 0.7952794226 0.291550655382
-0.567810591099 0.725070290299 0.28678556468
-0.665299774154 0.746523727509 0.292027146945
-0.625701486224 0.678367322279 0.2872443404
-0.720467088781 0.693379650756 0.292163320038
-0.682732856848 0.631822299623 0.286945717668
-0.771418864691 0.636184375786 0.293434831859
-0.733423658228 0.606504216653 0.288676918483
-0.817859650357 0.575269878957 0.294907824437
-0.74831251357 0.552028185096 0.289890266633
-0.859519939073 0.510989520438 0.296234424853
-0.780722342032 0.486941906132 0.291129028844
-0.896157703659 0.443716033066 0.297489697692
-0.814276548921 0.419047292826 0.292451391563
-0.927460068785 0.373799674831 0.298781729373
-0.844690670937 0.349723184109 0.293919220539
-0.953320761468 0.301696388748 0.300125185335
-0.870694642219 0.279248205253 0.295443226162
-0.973606210609 0.227832611474 0.301494432674
-0.891772824597 0.207610029115 0.296962815332
-0.988198889286 0.15263692929 0.302848624912
-0.907725759156 0.135229443115 0.298431451144
-0.997014008342 0.0765455860495 0.304125847649
-0.918521677488 0.0623602065564 0.299778236045
-1.0 -3.21583814661e-16 0.305232694116
-0.924649051555 -0.0100451500853 0.300881734637
-0.997014008342 -0.0765455860495 0.306009910789
-0.927299667598 -0.0811574853248 0.301488334547
-0.988198889286 -0.15263692929 0.306797503076
-0.926009034191 -0.144911197902 0.302210937048
-0.973606210609 -0.227832611474 0.30776894819
-0.90850695562 -0.205971210442 0.303386569088
-0.953320761468 -0.301696388748 0.308451065819
-0.884468911257 -0.272608588239 0.304202015852
-0.927460068785 -0.373799674831 0.30894096846
-0.856586987783 -0.340601785682 0.304805069372
-0.896157703659 -0.443716033066 0.309299618202
-0.824039795831 -0.408265932488 0.305270016408
-0.859519939073 -0.510989520438 0.309547346772
-0.786700467699 -0.47464734806 0.305603641425
-0.817859650357 -0.575269878957 0.309697467677
-0.745013724501 -0.53926455681 0.305818715647
-0.771418864691 -0.636184375786 0.309700358504
-0.700895119769 -0.601258412099 0.305796907517
-0.720467088781 -0.693379650756 0.309183848537
-0.657696938698 -0.661958061378 0.304795656333
-0.665299774154 -0.746523727509 0.309617874549
-0.634626691324 -0.712877165241 0.305677440306
-0.606214985176 -0.7952794226 0.310085357002
-0.582172963477 -0.731312024118 0.306368884771
-0.543533130688 -0.83931286193 0.31030893244
-0.518987818646 -0.768768945932 0.306566588312
-0.47767797853 -0.87843567044 0.310566034323
-0.454199973464 -0.804905722613 0.306841447554
-0.409031781206 -0.912421159321 0.310895910514
-0.386807184424 -0.83742510283 0.307212981999
-0.337992827081 -0.941072190864 0.311326979261
-0.318103586081 -0.865356573228 0.307699476283
-0.264973172946 -0.964222300396 0.311888736592
-0.248163111755 -0.888214059849 0.308328097702
-0.190386186049 -0.98168394174 0.312608500954
-0.177220904087 -0.905571171991 0.309117351238
-0.114675358773 -0.99333494238 0.313453817568
-0.105753612183 -0.917371835912 0.310029485819
-0.0382991872727 -0.999177241581 0.314371298111
-0.0344011346831 -0.924154168063 0.310987310279
0.0382991872727 -0.999177241581 0.315330075837
0.0358918311369 -0.926471764216 0.311878713929
0.114675358773 -0.99333494238 0.316440190874
0.10369806577 -0.921878463071 0.312895353069
0.190386186049 -0.98168394174 0.317800910893
0.171529870845 -0.909668726291 0.314363218813
0.264973172946 -0.964222300396 0.319131127027
0.239205473172 -0.890581955321 0.315765207873
0.337992827081 -0.941072190864 0.320402637602
0.306982369789 -0.866573713095 0.317106378538
0.409031781206 -0.912421159321 0.321625018923
0.374126746485 -0.837836015788 0.318408595702
0.47767797853 -0.87843567044 0.322816144574
0.44000339741 -0.804524598727 0.319655159407
0.543533130688 -0.83931286193 0.323947912838
0.504134160394 -0.766538345945 0.320816190496
0.606214985176 -0.7952794226 0.324977765365
0.566032428658 -0.723773793881 0.321864616794
0.665299774154 -0.746523727509 0.325804485751
0.624538303351 -0.677886064036 0.32260897726
0.720467088781 -0.693379650756 0.325996963467
0.682278187532 -0.631651470525 0.322189642381
0.771418864691 -0.636184375786 0.326966770594
0.733317990901 -0.606379803 0.323209963962
0.817859650357 -0.575269878957 0.327811793594
0.748710477214 -0.552169437859 0.324445269331
0.859519939073 -0.510989520438 0.328248826695
0.782478716494 -0.487862010943 0.32497083053
0.896157703659 -0.443716033066 0.32840142692
0.817363756417 -0.420755526629 0.325089580225
0.927460068785 -0.373799674831 0.328372308279
0.848488519786 -0.352109679741 0.325016678099
0.953320761468 -0.301696388748 0.328167636529
0.874432839609 -0.28215417145 0.324764978669
0.973606210609 -0.227832611474 0.327796241046
0.894799145444 -0.211261241622 0.324324797097
0.988198889286 -0.15263692929 0.327213601939
0.90963817295 -0.139812471474 0.323659544174
0.997014008342 -0.0765455860495 0.32638002949
0.919267151255 -0.0682296179655 0.322745669635
0.850802644471 0.132872345506 0.317276691549
0.856752695024 0.0709198155377 0.319334836101
0.836478608301 0.19326765215 0.316007595862
0.812351929146 0.25347668932 0.315053827144
0.783483774689 0.315029904391 0.313464294898
0.750695693816 0.377789038516 0.311514144107
0.714080462041 0.441237918855 0.309365132016
0.674138156011 0.503922924879 0.307155686487
0.629666696695 0.569126031428 0.30484108454
0.574894426988 0.646756338133 0.301842644048
0.492324274562 0.693794095103 0.299690159458
0.424333550771 0.731821320828 0.29761804197
0.359734924529 0.764959330322 0.295695114006
0.293071295037 0.7913460448 0.293980193297
0.224738841641 0.811708024469 0.292365353645
0.154769161348 0.827134713993 0.290806831875
0.0835624675811 0.838562621435 0.289338768901
0.0130868486079 0.848401753002 0.287922049271
-0.0537693654639 0.859975171333 0.28582204482
-0.10236705628 0.879347441605 0.285816509904
-0.145656211952 0.850707265253 0.286145877101
-0.208643771401 0.825542191242 0.285389002512
-0.275413403436 0.800890554817 0.284662440901
-0.342575863191 0.773228939474 0.284268699422
-0.407484326785 0.740722515341 0.284215957859
-0.469695406778 0.702506244322 0.284493195524
-0.528294350967 0.658816866739 0.284992623094
-0.588714878897 0.609487381144 0.285731089531
-0.661570911971 0.549626703187 0.286571993993
-0.701705463945 0.46477317593 0.288672652181
-0.735592326278 0.392769335078 0.29046127617
-0.765656869642 0.323553044714 0.292168457146
-0.791851106839 0.254537030044 0.293838624709
-0.813841871018 0.185265011056 0.295457061503
-0.831310598855 0.115260964357 0.297010718052
-0.844226286954 0.0449145875603 0.298397503162
-0.854193993469 -0.0253705993896 0.299421826134
-0.86331096236 -0.0911506063466 0.299279059448
-0.879636690608 -0.138688841093 0.30047948623
-0.850389106095 -0.17999497402 0.301954009318
-0.821199296034 -0.241116328081 0.302775654901
-0.789907911956 -0.306359073501 0.303388815504
-0.755227441374 -0.372606155548 0.303924778982
-0.716768464467 -0.438606180791 0.304351623909
-0.674749135237 -0.503217618339 0.304664234517
-0.629347694074 -0.570375633917 0.304840177597
-0.576173981638 -0.650459232013 0.304536146539
-0.49768637044 -0.699410908205 0.305073847727
-0.431312264017 -0.734449131938 0.305683977723
-0.365573278957 -0.765967454294 0.306237976447
-0.299355758194 -0.793288214065 0.306824680802
-0.232403940628 -0.816042980243 0.307510030781
-0.164739326816 -0.833309326316 0.308362121186
-0.0967297795002 -0.84484888513 0.309357180182
-0.0294928998478 -0.852138474648 0.310328076854
0.0343674077241 -0.857330865924 0.310898093264
0.0933190421229 -0.858045615216 0.311695200389
0.149906628297 -0.841745966637 0.313451660866
0.211188382426 -0.820503083115 0.314949734117
0.274853862381 -0.795724324067 0.316332035407
0.338897123211 -0.766978255329 0.317676403333
0.402412094645 -0.734417173962 0.318946141366
0.465040099986 -0.69797107265 0.320106166804
0.524831590181 -0.656936435621 0.321201164264
0.586324256634 -0.609391932744 0.322280597933
0.661454801796 -0.550947561605 0.322857209156
0.705006203078 -0.467587875782 0.324029257351
0.741745478194 -0.397505230011 0.324383932997
0.773349797722 -0.329763652948 0.324397635777
0.799229856602 -0.262016844314 0.324182507775
0.819302201211 -0.193990120869 0.3237461402
0.834214412217 -0.12602493959 0.323063984589
0.845057099877 -0.0587550565466 0.322115183975
0.852390022805 0.00720075001296 0.320835672478
0.0141421356237 0.0141421356237 0.313467683044
0.0141421356237 -0.0141421356237 0.314534028
0.0650236067257 -0.0196283497201 0.313767889005
0.05579205789 0.0192564070336 0.312316835378
0.774796594306 0.173832957824 0.314346946272
0.792454060897 0.124516352713 0.315331993994
0.747392593859 0.226190960371 0.314872545365
0.716365022886 0.28287221618 0.313527748342
0.682889415863 0.342601010687 0.311438416806
0.647073316234 0.40380531744 0.309027578454
0.609015583611 0.46539237711 0.306416189338
0.566797870881 0.525001272171 0.303670874293
0.517060062203 0.583501404523 0.300889911389
0.453900482535 0.628173086972 0.298820920836
0.393057822972 0.665353236073 0.296738915041
0.333395877389 0.698620150084 0.294739849099
0.270907562328 0.722574650159 0.293131166434
0.205662182003 0.740205263424 0.29156201288
0.13785529991 0.753581147572 0.289961301981
0.0675351401549 0.764015473624 0.288442731547
-0.00582350657118 0.773143187759 0.286941711477
-0.0928498426327 0.78739024039 0.285098682324
-0.175112025872 0.758176815489 0.284433593227
-0.245737260161 0.734237556175 0.283803345218
-0.31158159213 0.708523140304 0.2833858647
-0.373591664436 0.678018624338 0.283284743397
-0.431652555254 0.641200935168 0.283574147703
-0.48639373202 0.598115724716 0.283858632877
-0.537840154712 0.548420892484 0.284057842038
-0.5885311591 0.491948781963 0.284649805693
-0.627575579629 0.425238348101 0.286977197081
-0.660622085455 0.358591095412 0.289366239888
-0.69000455619 0.29224639386 0.291379602932
-0.716304737554 0.225955023268 0.293179016281
-0.73929566561 0.15959700695 0.294841885811
-0.758332202593 0.0922760092042 0.296450237768
-0.773343614307 0.0238915332109 0.297868321478
-0.785568824504 -0.0461218862554 0.298885370985
-0.796359370472 -0.128492232993 0.299680049532
-0.760551080642 -0.205237690946 0.30134615483
-0.725515644012 -0.271160670281 0.302390632699
-0.688769476817 -0.335726852741 0.303166233378
-0.649557375991 -0.400316072591 0.303728181779
-0.607795299733 -0.464761031896 0.304110711033
-0.563555588059 -0.528557873739 0.304200307669
-0.517192581922 -0.590909641407 0.303733852487
-0.46595348834 -0.639539108909 0.304048598816
-0.407691563401 -0.66888430448 0.305240949487
-0.34512140395 -0.697128703959 0.305969918998
-0.281782145181 -0.724087510067 0.306649692489
-0.217919810101 -0.747284465683 0.307339952207
-0.153247151709 -0.764525141463 0.308243686101
-0.0876997896443 -0.774865279254 0.30939044236
-0.0233080462033 -0.782932966607 0.310444772701
0.0390383812283 -0.79370845158 0.31038502228
0.0853003651573 -0.810561540814 0.311412502703
0.123664275732 -0.78174229113 0.313616813025
0.179686301564 -0.755002069607 0.314921271758
0.240762903346 -0.728227086711 0.316146026508
0.302628656617 -0.699063165897 0.317449650379
0.363990292785 -0.667621901069 0.31866722377
0.424234912631 -0.634217530058 0.319659354529
0.479439253531 -0.596472186154 0.320571532012
0.533052203535 -0.550786541979 0.321696025317
0.587300272029 -0.496553999585 0.322443315318
0.631835881351 -0.43314017467 0.323430033675
0.669813693152 -0.369154922268 0.323939205041
0.701640019778 -0.305016672266 0.324079882495
0.727042484716 -0.240335763664 0.32395015917
0.746429203871 -0.175198084081 0.323558163789
0.761103227476 -0.110233464052 0.32289380247
0.772703403436 -0.0463517411561 0.321933173207
0.783344898669 0.0149694419333 0.320534849387
0.791652385627 0.0723811872228 0.318874125251
-0.438126634812 -0.597845091136 0.303693454748
-0.461176891208 -0.547705343078 0.303036824484
-0.387249524888 -0.606290821421 0.305490214021
-0.326771826052 -0.631663251553 0.306087986707
-0.265704064238 -0.657729985393 0.306659869349
-0.205223192537 -0.682284196395 0.307145601761
-0.146068962474 -0.698253873968 0.307924793134
-0.083625085543 -0.70636858133 0.309294406425
-0.0159481227038 -0.711284890286 0.310723110401
0.0670108939614 -0.72146873928 0.311980596902
0.1410292146 -0.689533889445 0.314093303544
0.205576574434 -0.662222703306 0.315644243418
0.266762989382 -0.6324962948 0.317093950042
0.326577937494 -0.602233338879 0.318281421966
0.384470434099 -0.574216441695 0.318952771474
0.436005590551 -0.544552048049 0.31970702802
0.47772515909 -0.501408963909 0.321105654958
0.521485113309 -0.451076608077 0.321986422289
0.563932137619 -0.396178737304 0.322805513884
0.601849640623 -0.338575876794 0.323293139917
0.633437024375 -0.279069387632 0.323463704295
0.657834342702 -0.217772206527 0.323401899321
0.675912006674 -0.155244562329 0.323043649414
0.68961980301 -0.0921653581871 0.322403709566
0.701579952911 -0.0297380495769 0.321510434175
0.71826118769 0.0290961903839 0.32030771224
0.735761893133 0.0804230937903 0.320186549887
0.68965338846 0.194186261713 0.315753434128
0.724115938252 0.149558196797 0.315441195373
0.65244766392 0.247231286283 0.313925278695
0.617668112523 0.305520299848 0.311495975708
0.582892850138 0.365350506597 0.308868334588
0.548290765434 0.424904398083 0.305972650876
0.511411839719 0.481520620249 0.302874343758
0.46636295845 0.530303519339 0.300028541527
0.412940337848 0.569972892224 0.298098701244
0.356932198795 0.604389045476 0.295675130115
0.30740595696 0.638693949401 0.293784278209
0.251005972475 0.657545078648 0.292634357242
0.18964595425 0.670866153782 0.29128789979
0.124961574151 0.681095866195 0.289644750014
0.0577790672036 0.689147943334 0.288020963456
-0.0115600653608 0.695132448313 0.286228817684
-0.0840561610995 0.696078934899 0.284492768479
-0.1555590601 0.683965274106 0.283747592763
-0.222179370858 0.667210198529 0.283310375848
-0.284315217237 0.646417061645 0.282929426395
-0.341716199871 0.619370360259 0.282705058086
-0.393978803267 0.58463254013 0.283007955969
-0.441738974203 0.542770554179 0.282454695918
-0.4859074184 0.495017745874 0.281137045368
-0.525578031785 0.440703188236 0.280704288831
-0.559485332754 0.381110982113 0.284451150703
-0.58978545426 0.319239494964 0.288346478175
-0.617734164568 0.256284436279 0.290935230874
-0.643867076427 0.193666933363 0.292866875712
-0.668019206953 0.130488651402 0.294479346572
-0.688328789631 0.0676472490079 0.296093595118
-0.704660382675 0.00413103953476 0.297319530378
-0.71745395602 -0.059500379407 0.297588024323
-0.721549682954 -0.120800786092 0.298137385278
-0.697234226104 -0.178442133391 0.299903643807
-0.662170006592 -0.236668678202 0.301400449756
-0.624046588847 -0.297321687431 0.30253534997
-0.584166338624 -0.360137591696 0.303283234045
-0.542547513517 -0.423829968213 0.303813664977
-0.500277804529 -0.48754598824 0.304036289113
0.112893061782 -0.0168307463418 0.31433534308
0.101238947011 0.0273008699246 0.312933038494
0.032072906487 -0.060716336438 0.310686635393
0.0796649529886 -0.064886964167 0.311739969019
1.22464679915e-18 -0.02 0.315245175215
-0.00452497030732 -0.053814222649 0.309698695957
-0.0141421356237 -0.0141421356237 0.313117282994
-0.0322221163473 -0.036182926074 0.305610307146
-0.02 -2.44929359829e-18 0.309875344443
-0.0469481182495 -0.00800490286323 0.300374469653
-0.0141421356237 0.0141421356237 0.310977405829
-0.0485465871482 0.0245666538292 0.303180440705
-0.00500421429857 0.052482889137 0.30686214455
-0.04030551863 0.0671849521728 0.30575668011
0.0189148267306 0.0405511072111 0.30710041473
0.0454972367321 0.0544945254435 0.306854154766
0.0870218741096 0.07078040111 0.308478237572
0.150286441513 0.0337482973436 0.31349268546
0.137065987126 0.0831918388878 0.311422783708
0.160113793395 -0.0121112496069 0.313468797709
0.125725993346 -0.0607379147501 0.314480619503
0.164343209099 -0.0504371282259 0.314725166849
-0.0869465128983 0.0774865259086 0.30335652805
-0.093593946359 0.0249962335241 0.303546240023
-0.0178969989162 0.114556740128 0.303027221747
-0.0705688979112 0.132884737954 0.303616654448
0.021188484816 0.0853174399475 0.303735490677
0.0639773060528 0.116578249373 0.305225327875
0.120797939909 0.135129010629 0.30698357646
0.194343734314 0.0914305133986 0.312290325928
0.181907909482 0.146849688119 0.309995865419
0.206021330538 0.0374853141058 0.312469174546
0.150206966935 -0.105044111347 0.313568402261
0.207189840557 -0.0784622203207 0.314312373034
0.0962270439065 -0.113687212453 0.311830412854
0.0433741445424 -0.113451897294 0.31045864924
-0.00808711413726 -0.105164482605 0.309327192451
-0.06421902685 -0.0860873322268 0.308035402238
-0.142064479479 0.0843008938592 0.301553595691
-0.148793951675 0.0251360909663 0.305804970902
-0.127550460416 0.145315318446 0.300106256641
-0.0486666947852 0.194974523002 0.301613874608
-0.11215848331 0.209312193061 0.30008410479
0.0253376128666 0.175535177021 0.301016786798
0.103583660451 0.194861781504 0.302770153335
0.169902976005 0.205307865602 0.305236914188
0.244105174496 0.156076053002 0.3108766822
0.234120884508 0.212821573197 0.308616702968
0.255603816359 0.099907071643 0.311347579055
0.267100634561 0.0444138387279 0.312985254313
0.21197159823 -0.0161937256917 0.313809762139
0.274212381954 -0.0121109668873 0.31651014158
0.311368476869 0.542284834748 0.292186358805
0.375883543732 0.514997038032 0.296335631756
0.285178889424 0.592825269664 0.292272378303
0.237542843455 0.597370408053 0.292485078808
0.178907376364 0.603640484945 0.291532981978
0.116126943702 0.609820797853 0.289742584065
0.0517608377878 0.615205386449 0.288102559543
-0.0135054589988 0.61896470486 0.28587629289
-0.0791180363409 0.618559743054 0.284204826677
-0.143431583494 0.612436133102 0.283149331612
-0.204592439698 0.602378962157 0.283018377278
-0.261558651891 0.58755650413 0.282592979482
-0.312268393327 0.564163174613 0.281900036753
-0.356746528745 0.531796373055 0.282856199469
-0.397674426147 0.492094905893 0.281677079824
-0.433599577446 0.444747550774 0.283773698807
-0.522463199848 0.277325579746 0.288412401648
-0.49580527823 0.336845357807 0.287425566325
-0.548468454847 0.217160608314 0.290795940665
-0.574854556639 0.156819872182 0.292587019086
-0.600234767727 0.0979381941638 0.29383933345
-0.62223514102 0.0382134655615 0.295749862478
-0.641170285414 -0.0199210384276 0.296981560578
-0.659935858569 -0.0737736370167 0.295717521781
-0.674979631823 -0.114700759525 0.297092209455
-0.646047379992 -0.149419182429 0.298646197194
-0.606381565436 -0.1974302149 0.300360662076
-0.562395291299 -0.255084161154 0.301885286262
-0.520762551524 -0.317372352353 0.302835313513
-0.478448383747 -0.382019545075 0.30356997981
-0.435109665307 -0.448082509414 0.30412933209
-0.384625277524 -0.525954178205 0.304234432131
-0.308811100839 -0.565230813982 0.30535868359
-0.247938056844 -0.595208520851 0.306385497919
-0.192585416014 -0.622585599537 0.306501466294
-0.141055126351 -0.640386140654 0.307117340128
-0.0877599200195 -0.640176469155 0.308413362343
-0.0262864440298 -0.635588882745 0.309593962384
0.0424877407796 -0.628825744519 0.310950059991
0.111735532769 -0.616408313695 0.312913228554
0.174329662483 -0.595423541629 0.314789010965
0.233678246391 -0.565701735916 0.316508729519
0.294718074889 -0.538238960811 0.317807453599
0.354254832119 -0.515450902829 0.317799635
0.403507110743 -0.506864544379 0.319076587592
0.42340261356 -0.462313609267 0.320758914306
0.460004118478 -0.412259992279 0.321345715034
0.49992088288 -0.360941517491 0.321826897044
0.537960676178 -0.308611033224 0.322229839371
0.569145777976 -0.25379833097 0.322346337707
0.591638135034 -0.195961835148 0.322329808265
0.6074782273 -0.135649951826 0.321903648331
0.619359729507 -0.0731912294203 0.321117227504
0.632838435265 -0.00991305567569 0.319992774864
0.651737294688 0.0538674441433 0.31745768237
0.686668162904 0.10845766634 0.318019593892
0.634333845114 0.151377278561 0.316630921894
0.591440905955 0.208871789241 0.314094648534
0.553642067507 0.268114840286 0.311217820498
0.519988033667 0.32958694264 0.308561423807
0.489087374777 0.38874488532 0.305280494687
0.458822259789 0.441855609156 0.301273024973
0.424675388301 0.486080877196 0.298218730822
0.280730892026 -0.0703289504191 0.31797281343
0.147025424778 -0.531111001032 0.313424673742
0.0908467089469 -0.550738414999 0.310919139516
0.202690870111 -0.501695779468 0.315641991251
0.264239792429 -0.468384292521 0.316773183259
0.344262332122 -0.437643492819 0.318016408557
0.395013324529 -0.375564883055 0.318979953189
0.439976056837 -0.326057065196 0.319716873347
0.479064145581 -0.279484719721 0.320302051644
0.508363725308 -0.229935043433 0.320213146732
0.528922597833 -0.176865133405 0.320476032769
0.541026377435 -0.119292166538 0.31978737062
0.549529531699 -0.0574540095952 0.318614437231
0.556930595185 0.00950314045756 0.317228624123
0.568077401782 0.0925205199861 0.314805594199
0.524500560836 0.16952433407 0.312126861445
0.487955704584 0.235599299837 0.309383054133
0.45360826969 0.297728473226 0.307436900003
0.429112413661 0.359426322575 0.303599362912
0.410093294828 0.413881646639 0.296871867146
0.396207884657 0.453242405062 0.293600031379
0.354745199011 0.460628786633 0.293589551413
0.297578987354 0.468231035531 0.290564468192
0.239186129019 0.536075697907 0.291244467555
0.174605454375 0.536659814388 0.291298405723
0.110418078254 0.539223977032 0.289252281827
0.047462595482 0.542551997194 0.287824261031
-0.0151057495296 0.545361235596 0.283907275845
-0.0767489098313 0.546120095709 0.281739248077
-0.136435483724 0.544353514829 0.280130968884
-0.1928121009 0.540402774052 0.28164209239
-0.244052171938 0.532063212465 0.281549130353
-0.28791867309 0.517612335636 0.279891582771
-0.322460725153 0.487714775698 0.284935041445
-0.382810605631 0.400860993597 0.285124439615
-0.353280202115 0.447913526662 0.283564119137
-0.457648012655 0.234223417384 0.28512235742
-0.433852226831 0.292805842979 0.287783817101
-0.484382998352 0.17485833429 0.289020392584
-0.51037037977 0.115845178234 0.290890240221
-0.538680906529 0.0599762130935 0.291280813302
-0.562744926542 0.00678646450199 0.294709487295
-0.57999846801 -0.0497801189898 0.296557387431
-0.608996367422 -0.104921671881 0.294497327165
-0.555532277532 -0.148195680294 0.297129008309
-0.505592844994 -0.207231955211 0.300470927252
-0.459925427371 -0.27091899746 0.301972301038
-0.417774224562 -0.336389375848 0.302964983731
-0.376222267174 -0.400859270886 0.303662008839
-0.330190116525 -0.463022713489 0.303939385248
-0.27871146099 -0.507394909434 0.304104620117
-0.222881326788 -0.537119275975 0.305597862791
-0.172772044115 -0.572345808819 0.304664648429
-0.138307837722 -0.59760812758 0.305831763285
-0.100563896855 -0.58259468695 0.306358699098
-0.0474492852393 -0.564627244501 0.306252255969
0.0190160781104 -0.539179881352 0.307636782372
0.232841376102 -0.145606979328 0.315346333185
0.297348813454 -0.129883397762 0.318934966317
0.173425325521 -0.162449886674 0.313994746397
0.114336144064 -0.171605260443 0.312396484982
0.05618742888 -0.169860632546 0.310937525098
0.000128583830636 -0.165078266012 0.309177033575
-0.055261677767 -0.16024865376 0.307890392206
-0.128387080271 -0.103959629984 0.311839754848
-0.110499913554 -0.168862969322 0.310795977322
0.259999801396 -0.207191693033 0.316442584569
0.317945293921 -0.186578866566 0.319698512989
0.197264200292 -0.226580900288 0.314430099385
0.132606429418 -0.237056597708 0.312552111748
0.0671179935796 -0.230402440774 0.311672366778
0.00765198818256 -0.2237047834 0.309938834651
-0.04701976436 -0.218776003857 0.30923775858
-0.0927945142118 -0.217812784029 0.31138606418
-0.193300909104 -0.122618273167 0.305524421414
-0.164584790172 -0.19409378959 0.30705993335
-0.14540178032 -0.0383567648756 0.309766853183
-0.214340317494 -0.0450679320309 0.303414498823
-0.213645072852 0.0296483220429 0.300722914769
-0.20332461584 0.0983510556803 0.297753987408
-0.188564417313 0.160521633994 0.296677557709
-0.173725346317 0.225808798375 0.295827279171
-0.0992891749707 0.273527627217 0.29775158375
-0.159732551013 0.286320826956 0.296170165429
-0.0369483021166 0.264682411493 0.296840962783
0.0304045533329 0.258878143635 0.297139207786
0.0987232001039 0.262746652938 0.299131573244
0.165585881677 0.268573289786 0.301418406239
0.231298136237 0.273114420079 0.304079621532
0.295031523409 0.218380539844 0.309239074935
0.298386406563 0.275373103921 0.306839736881
0.30561766674 0.165544349078 0.309126791171
0.319396893514 0.110305719393 0.310898440809
0.332051806967 0.0541051838407 0.312867358623
0.339727494763 -0.00318230351002 0.315032475871
0.345813976136 -0.0602993210452 0.316290703614
0.356407590537 -0.116423440402 0.316962751678
0.371547089 -0.168472356424 0.317596333013
0.346994972791 -0.239132431204 0.31929591043
0.390627478224 -0.21345107103 0.319086059843
0.292199766663 -0.268476216572 0.315849162364
0.230493364818 -0.296726706347 0.312213792648
0.154213407861 -0.323339746185 0.309138212227
0.0732092726048 -0.295390017561 0.310903772203
0.0113562294081 -0.282484704986 0.30968216767
-0.0485654773555 -0.276491683583 0.30950363825
-0.120520033844 -0.267816676199 0.310052743044
-0.285955599484 0.047152055822 0.295774122809
-0.307519127202 -0.045702744053 0.298037132183
-0.268350313249 0.119283751019 0.292778220886
-0.251009548599 0.184610110422 0.293412326507
-0.234314696555 0.246709411321 0.292629680631
-0.218727262378 0.306930589753 0.29191733105
-0.148501300508 0.35237335684 0.292970732566
-0.204900701583 0.366480181906 0.291832349358
-0.0899018902445 0.340591286705 0.292387386496
-0.0286884691766 0.334987317632 0.292773717003
0.0344336485076 0.330962373818 0.29449250044
0.099393302767 0.331877162195 0.29618832287
0.163228390045 0.333562281037 0.298342972216
0.228707387269 0.336184935871 0.300373006128
0.294429798607 0.337947475224 0.302140169823
0.375724540753 0.269549187264 0.30465166017
0.363531135892 0.342866387015 0.302144039796
0.344807517157 0.222058644675 0.305943864735
0.363666487309 0.178246206917 0.306361399241
0.384253635737 0.124505370268 0.309976466524
0.398710521155 0.0657906024037 0.312453835662
0.40796714918 0.00577634027227 0.314356952075
0.412125167321 -0.0527743922857 0.315325053648
0.415675424866 -0.10816880774 0.314644836498
0.419746528145 -0.15714646127 0.31367712951
0.422820039928 -0.193423775927 0.314157163455
0.42819082972 -0.247869504272 0.3162734165
0.457693872344 -0.208965195896 0.315934420958
0.387698496304 -0.285319766069 0.314731620461
0.337528816664 -0.32487972813 0.313416484857
0.280416735359 -0.364835819321 0.313258990903
0.165261258043 -0.442244271089 0.313783676098
0.121396518619 -0.478065405809 0.31179233673
0.217639008458 -0.400519269998 0.312673955541
0.0122348616806 -0.337526110354 0.309050148935
0.0628719711391 -0.354768141965 0.312615991984
-0.0390953784777 -0.338827048221 0.308778214382
-0.0975062036279 -0.348542472621 0.309013952621
-0.190680137129 -0.2934805188 0.30777237091
-0.159057094922 -0.368959110635 0.30926740973
-0.228671127642 -0.221855679484 0.303714751182
-0.265164277116 -0.143730673386 0.301206001974
-0.357820848975 0.0889549484714 0.298163789182
-0.388844562575 0.0208678963296 0.298469281953
-0.293850643044 0.274847182977 0.290600075939
-0.312353652177 0.213580284104 0.29229844285
-0.275540759218 0.330204589762 0.288606164992
-0.258544035819 0.386030818905 0.287068526047
-0.194143749078 0.424893474567 0.287989668588
-0.244201780983 0.437668282089 0.286625443584
-0.139831444712 0.416378267208 0.284568056717
-0.0824802512712 0.408510407903 0.285665165307
-0.0229298864756 0.403405949008 0.287590209782
0.0390465807975 0.401474771369 0.29152200782
0.101162456712 0.399940270254 0.292759339989
0.1648391165 0.40067656545 0.295042701314
0.228988022061 0.401924895268 0.296698545772
0.293566866739 0.403214272738 0.297746439592
0.354786841098 0.404488067572 0.298361727603
-0.333174835823 0.152991063794 0.29334763996
-0.421621897999 0.132285906409 0.295671979015
-0.450549157198 0.0730203884333 0.296802181685
0.117717371682 -0.389769286462 0.311753875584
0.0101443628922 -0.376562568328 0.305006690703
0.042420708247 -0.401674828472 0.307791886518
-0.0244193780731 -0.392430223608 0.307572526804
-0.0716251274823 -0.413608031892 0.308484139398
-0.127056800218 -0.438082333103 0.307074463274
-0.221022812236 -0.395568367127 0.304500859135
-0.190008569596 -0.474014906621 0.302909505081
-0.255849404004 -0.323981762588 0.299695627785
-0.293905749609 -0.25437125836 0.29655529058
-0.334150133929 -0.181860293793 0.294388116304
-0.381453839261 -0.104838959468 0.292252247627
-0.484226580308 0.0205707699541 0.292210483743
-0.440074274429 -0.0361231734624 0.291516506713
-0.517893332533 -0.0181215332151 0.294844795518
-0.506708490749 -0.0817218341013 0.296718165049
-0.447181192203 -0.15449378706 0.298700659523
-0.398722686921 -0.223699634243 0.300241147901
-0.357169955889 -0.29225780103 0.301571142609
-0.31729859631 -0.359298733279 0.302887422183
-0.279988452067 -0.419416090179 0.303793451684
-0.249832947498 -0.466202952494 0.301006355258
-0.135210739448 -0.533598365725 0.302528017027
-0.0856392215852 -0.502325205273 0.305604427725
0.0865666140835 -0.503345374006 0.31021529335
0.0480828388758 -0.477868106325 0.308036426784
-0.396676536731 0.192707966753 0.289381009075
-0.373203535107 0.251237729741 0.28993256342
-0.352130112521 0.308899330857 0.288150486286
-0.330382003831 0.362292331006 0.283798656243
-0.308263390745 0.412631543231 0.279943248586
-0.287278432724 0.454934407876 0.280404374511
-0.235816208698 0.484349091893 0.279073282267
-0.270489580345 0.485226978905 0.27568796701
-0.188873096912 0.482291326055 0.27864140284
-0.134946182935 0.479093086544 0.278611517285
0.105577063148 0.46933295259 0.286639409864
0.0433870125659 0.471442506606 0.28877852552
0.169080553059 0.468625422275 0.289613384734
0.233353688665 0.468379957508 0.290748115814
0.470357501405 -0.162823641663 0.316923137025
0.4765802465 -0.10962732083 0.315140307993
0.479635036659 -0.0517230552179 0.312665377974
0.479016052999 0.0111383910504 0.310815289425
0.472725655698 0.0790195967463 0.308571994953
0.449682951856 0.14524726458 0.306234776994
0.419961806055 0.20719051021 0.304100515916
0.0826513463434 -0.437494584836 0.307248847243
0.750693167595 0.118189261429 0.316445395423
-0.0886973102483 -0.0263969265615 0.304240389595
0.00763535854427 -0.43581416121 0.310933274918
-0.0178999025148 0.474153080748 0.286675872107
-0.0777624860308 0.47691450284 0.284065318783
-0.0340402601597 -0.472383098153 0.309218528507
-0.40957520198 0.348857335788 0.287148441152
-0.466747592767 0.392795156124 0.285495797687
