6.07153216592e-18 0.01 0.303443157699
0.01 0.0 0.303474386273
0.0835401147366 0.0623674151428 0.303338165407
0.0402521532882 0.0927651287084 0.30330027955
-0.01 0.0 0.303368692945
-0.0602776076103 0.0850411550796 0.303236728191
-0.107474566518 0.0277124625836 0.303300227576
-0.00563864691527 0.126429608726 0.303246568833
0.0782588095567 0.171106775017 0.303244125415
0.00112457047293 0.203475618816 0.303228783894
0.143757195082 0.131628976244 0.30324389298
0.0793521770898 -0.0101539716258 0.303418134373
0.136043235388 0.0254138959222 0.303313711738
0.0923900160013 -0.0565534630057 0.303483758287
0.180876250456 -0.0326820705459 0.303335091321
2.16840434497e-18 -0.01 0.303531345328
0.0119758087241 -0.13447985334 0.303637366032
0.124057340602 -0.149618980606 0.303528700515
-0.0730647585213 -0.108243207782 0.303560809098
1.0 0.0 0.303026680332
0.985615910348 0.169000820322 0.303026209396
0.805482546865 0.126312062592 0.303109335426
0.825402583032 -0.0256315538683 0.303107536243
0.942877445461 0.333139794742 0.303027679062
0.761849489973 0.274042163866 0.303115314915
0.873014113161 0.487694943814 0.303030170052
0.700801369354 0.417282787647 0.303117405601
0.778035754318 0.628219997296 0.303033310826
0.62004415015 0.549375172506 0.303121516523
0.66067472339 0.750672305253 0.303037917151
0.533161179882 0.667766905247 0.30312875678
0.524307283557 0.851529137733 0.303027794824
0.470400363071 0.764355422166 0.303078469356
0.37285647778 0.927889027297 0.303029030713
0.356614262212 0.771675592466 0.303108520033
0.210679269996 0.977555238948 0.303026725795
0.206551984445 0.785507527163 0.303113426945
0.0424412031961 0.999098966205 0.303013712282
0.0469707613914 0.807107835208 0.303051922696
-0.13634737543 0.990503874168 0.303002744238
-0.112729696755 0.809215517717 0.303005076085
-0.310741448372 0.950260383949 0.302996050345
-0.265642658819 0.776635615818 0.302976311414
-0.475197877482 0.879651361491 0.302990997845
-0.407007020479 0.7140703702 0.302958177321
-0.624488128297 0.780920351657 0.302988207469
-0.536015130015 0.620963058213 0.302946681054
-0.753712688482 0.657068642713 0.302985295335
-0.65467229935 0.520071825618 0.302944824334
-0.858690796209 0.512103170309 0.302987410618
-0.760229457669 0.452342811546 0.302964352092
-0.936215926277 0.35079165387 0.302984069252
-0.772437172544 0.32719974818 0.302947250329
-0.983824650037 0.178262698027 0.302986378735
-0.806268513597 0.174971201803 0.302950080706
-1.0 3.48199086394e-16 0.302991259185
-0.826683775385 0.018376021607 0.302964481294
-0.984720280192 -0.173631759175 0.302995346525
-0.813946376303 -0.132704613163 0.30297890163
-0.939546685869 -0.341965724306 0.302999855114
-0.771054682033 -0.277693208024 0.302999997067
-0.865852454685 -0.499899057061 0.303004519445
-0.695277844908 -0.412429529467 0.303024511865
-0.7658742214 -0.642644320004 0.303008523968
-0.601343287424 -0.536930521642 0.303045714378
-0.642644320004 -0.7658742214 0.303016166822
-0.501516469336 -0.654942338505 0.303063976495
-0.499899057062 -0.865852454685 0.303010698262
-0.434953715466 -0.76293414147 0.303037867207
-0.341965724306 -0.939546685869 0.303023395991
-0.304992984071 -0.769226825784 0.303088351283
-0.173631759175 -0.984720280192 0.303030144778
-0.146406279463 -0.793667665078 0.303131632859
-4.51028103754e-16 -1.0 0.303037136389
0.013000698915 -0.811891247691 0.303154987251
0.173631759175 -0.984720280192 0.303039464921
0.167025500848 -0.814208966176 0.303162609716
0.341965724306 -0.939546685869 0.303032883007
0.307528759421 -0.79260979921 0.303146522396
0.499899057062 -0.865852454685 0.30303747657
0.427994431111 -0.723759300917 0.303151637464
0.642644320004 -0.7658742214 0.30302741249
0.547102935229 -0.629126166722 0.303118126567
0.7658742214 -0.642644320004 0.303026894269
0.664448235461 -0.521510775383 0.303100058765
0.865852454685 -0.499899057061 0.303020097502
0.767291346005 -0.450146954478 0.303061217826
0.939546685869 -0.341965724306 0.303029703315
0.776578098551 -0.330058376232 0.303090836663
0.984720280192 -0.173631759175 0.303029732427
0.808767542517 -0.182326949724 0.303105474403
0.207828666893 0.0836560558202 0.303249996568
0.269575321794 0.0213870211236 0.303248468985
0.235315261436 -0.115748402737 0.303366296405
0.330931351849 -0.0541657890442 0.303249291516
0.134436605117 0.260846637125 0.303233343749
0.0478337268984 0.308306529492 0.303190897291
0.207363697726 0.208709920021 0.303255818628
0.286697310224 0.161113147819 0.303318759894
0.357069589803 0.0885347424389 0.30330255649
0.413729676142 0.0086185079052 0.303286203426
0.401297578261 -0.129102154566 0.303232896137
0.452271398356 -0.0599245897503 0.303280286489
0.312966564051 -0.214749324684 0.30334058867
0.17175163228 -0.308190424488 0.303570890941
0.00333730289515 -0.28067145824 0.303648267859
-0.125113275027 -0.239813064761 0.303522741098
-0.171935330271 -0.0672432502803 0.303391622224
-0.238784869996 -0.18500659206 0.30331202584
-0.200374085082 0.0991949709773 0.303127490311
-0.273303216481 -0.00657430813324 0.303169170783
-0.110682689883 0.201173944789 0.303128109056
-0.0575724605245 0.350920930877 0.303075420369
0.115950692857 0.427483201666 0.30319228824
-0.00195627185236 0.48087119845 0.303067760464
0.205190533437 0.350214079995 0.303291099822
0.604089700705 0.220208168576 0.303269470216
0.648840986384 0.0873841204765 0.303240355298
0.537122588988 0.351160059944 0.303323599987
0.469205460868 0.488642528329 0.303283387927
0.394998345926 0.62692892735 0.303222156794
0.217493970773 0.579585889651 0.30326261967
0.0439363572969 0.633048226763 0.303085653855
-0.102667686785 0.64871484286 0.302995133153
-0.230112329557 0.636879921848 0.30294389752
-0.34155666202 0.574892162597 0.302895431228
-0.455006096389 0.477799472447 0.302865409875
-0.591801980505 0.350751263552 0.302861170819
-0.644560764322 0.17016067055 0.30288503809
-0.674942443656 0.0250166846419 0.302925318321
-0.67627294992 -0.100922242621 0.302957839129
-0.626903284687 -0.214203254464 0.303005190111
-0.547584777836 -0.32781562876 0.303081502261
-0.445010674442 -0.439597874392 0.303187691402
-0.314415836643 -0.573409381531 0.303290577095
-0.120255723214 -0.611247783066 0.303425424452
0.0392838261608 -0.641077554879 0.303446203887
0.177735404025 -0.667719900889 0.303410284931
0.27867881721 -0.690651575855 0.303295416448
0.350772288184 -0.611625027467 0.303403660334
0.452583910337 -0.505565803184 0.303272738192
0.595510567884 -0.368866167209 0.303203644333
0.649926560694 -0.194582375973 0.303212204275
0.665665700148 -0.0492420861864 0.303223344783
-0.34690440809 -0.117709293849 0.30316012363
0.374651960282 0.275435541874 0.303501646738
0.462189841782 0.159744691882 0.303440628189
0.320096134725 0.424455181277 0.303464283927
-0.116295319489 0.518820367264 0.302964741931
-0.204219981527 0.54225959524 0.302912293682
-0.267487658264 0.473314815849 0.302842664252
-0.349513009203 0.37172456587 0.302804868915
-0.435888356812 0.251678202616 0.302803121805
-0.502376699637 0.124110192793 0.30285320057
-0.550246354866 0.00783702234165 0.302909005219
-0.581435340184 -0.0801623940381 0.302939856712
-0.517786715766 -0.147401961835 0.303012595931
-0.431857477188 -0.229217291507 0.303143804339
-0.32695835105 -0.311681121466 0.303316149802
-0.200522268879 -0.389165982648 0.303561701938
-0.054312486415 -0.44018243583 0.303709806496
0.0969619109349 -0.482193930024 0.30376064586
0.23665182475 -0.542466181079 0.30372152141
0.324553679147 -0.413013619227 0.303487773124
0.434389186585 -0.294720319203 0.303279233437
0.539217550321 -0.0589298921798 0.303291906806
0.508245047993 -0.173208840832 0.303239185129
0.515993313906 0.0500430384631 0.303367289658
-0.382997799004 0.0604294382521 0.302984157743
-0.445473573645 -0.0494673186618 0.30302719757
-0.310676500657 0.173219452405 0.302953160557
-0.235334762352 0.288083211438 0.302935994295
-0.168079789244 0.407181163821 0.302939912583
0.26287231147 0.278805913035 0.303351344468
