6.07153216592e-18 0.01
0.01 0.0
0.0835401147366 0.0623674151428
0.0402521532882 0.0927651287084
-0.01 0.0
-0.0602776076103 0.0850411550796
-0.107474566518 0.0277124625836
-0.00563864691527 0.126429608726
0.0782588095567 0.171106775017
0.00112457047293 0.203475618816
0.143757195082 0.131628976244
0.0793521770898 -0.0101539716258
0.136043235388 0.0254138959222
0.0923900160013 -0.0565534630057
0.180876250456 -0.0326820705459
2.16840434497e-18 -0.01
0.0119758087241 -0.13447985334
0.124057340602 -0.149618980606
-0.0730647585213 -0.108243207782
1.0 0.0
0.985615910348 0.169000820322
0.805482546865 0.126312062592
0.825402583032 -0.0256315538683
0.942877445461 0.333139794742
0.761849489973 0.274042163866
0.873014113161 0.487694943814
0.700801369354 0.417282787647
0.778035754318 0.628219997296
0.62004415015 0.549375172506
0.66067472339 0.750672305253
0.533161179882 0.667766905247
0.524307283557 0.851529137733
0.470400363071 0.764355422166
0.37285647778 0.927889027297
0.356614262212 0.771675592466
0.210679269996 0.977555238948
0.206551984445 0.785507527163
0.0424412031961 0.999098966205
0.0469707613914 0.807107835208
-0.13634737543 0.990503874168
-0.112729696755 0.809215517717
-0.310741448372 0.950260383949
-0.265642658819 0.776635615818
-0.475197877482 0.879651361491
-0.407007020479 0.7140703702
-0.624488128297 0.780920351657
-0.536015130015 0.620963058213
-0.753712688482 0.657068642713
-0.65467229935 0.520071825618
-0.858690796209 0.512103170309
-0.760229457669 0.452342811546
-0.936215926277 0.35079165387
-0.772437172544 0.32719974818
-0.983824650037 0.178262698027
-0.806268513597 0.174971201803
-1.0 3.48199086394e-16
-0.826683775385 0.018376021607
-0.984720280192 -0.173631759175
-0.813946376303 -0.132704613163
-0.939546685869 -0.341965724306
-0.771054682033 -0.277693208024
-0.865852454685 -0.499899057061
-0.695277844908 -0.412429529467
-0.7658742214 -0.642644320004
-0.601343287424 -0.536930521642
-0.642644320004 -0.7658742214
-0.501516469336 -0.654942338505
-0.499899057062 -0.865852454685
-0.434953715466 -0.76293414147
-0.341965724306 -0.939546685869
-0.304992984071 -0.769226825784
-0.173631759175 -0.984720280192
-0.146406279463 -0.793667665078
-4.51028103754e-16 -1.0
0.013000698915 -0.811891247691
0.173631759175 -0.984720280192
0.167025500848 -0.814208966176
0.341965724306 -0.939546685869
0.307528759421 -0.79260979921
0.499899057062 -0.865852454685
0.427994431111 -0.723759300917
0.642644320004 -0.7658742214
0.547102935229 -0.629126166722
0.7658742214 -0.642644320004
0.664448235461 -0.521510775383
0.865852454685 -0.499899057061
0.767291346005 -0.450146954478
0.939546685869 -0.341965724306
0.776578098551 -0.330058376232
0.984720280192 -0.173631759175
0.808767542517 -0.182326949724
0.207828666893 0.0836560558202
0.269575321794 0.0213870211236
0.235315261436 -0.115748402737
0.330931351849 -0.0541657890442
0.134436605117 0.260846637125
0.0478337268984 0.308306529492
0.207363697726 0.208709920021
0.286697310224 0.161113147819
0.357069589803 0.0885347424389
0.413729676142 0.0086185079052
0.401297578261 -0.129102154566
0.452271398356 -0.0599245897503
0.312966564051 -0.214749324684
0.17175163228 -0.308190424488
0.00333730289515 -0.28067145824
-0.125113275027 -0.239813064761
-0.171935330271 -0.0672432502803
-0.238784869996 -0.18500659206
-0.200374085082 0.0991949709773
-0.273303216481 -0.00657430813324
-0.110682689883 0.201173944789
-0.0575724605245 0.350920930877
0.115950692857 0.427483201666
-0.00195627185236 0.48087119845
0.205190533437 0.350214079995
0.604089700705 0.220208168576
0.648840986384 0.0873841204765
0.537122588988 0.351160059944
0.469205460868 0.488642528329
0.394998345926 0.62692892735
0.217493970773 0.579585889651
0.0439363572969 0.633048226763
-0.102667686785 0.64871484286
-0.230112329557 0.636879921848
-0.34155666202 0.574892162597
-0.455006096389 0.477799472447
-0.591801980505 0.350751263552
-0.644560764322 0.17016067055
-0.674942443656 0.0250166846419
-0.67627294992 -0.100922242621
-0.626903284687 -0.214203254464
-0.547584777836 -0.32781562876
-0.445010674442 -0.439597874392
-0.314415836643 -0.573409381531
-0.120255723214 -0.611247783066
0.0392838261608 -0.641077554879
0.177735404025 -0.667719900889
0.27867881721 -0.690651575855
0.350772288184 -0.611625027467
0.452583910337 -0.505565803184
0.595510567884 -0.368866167209
0.649926560694 -0.194582375973
0.665665700148 -0.0492420861864
-0.34690440809 -0.117709293849
0.374651960282 0.275435541874
0.462189841782 0.159744691882
0.320096134725 0.424455181277
-0.116295319489 0.518820367264
-0.204219981527 0.54225959524
-0.267487658264 0.473314815849
-0.349513009203 0.37172456587
-0.435888356812 0.251678202616
-0.502376699637 0.124110192793
-0.550246354866 0.00783702234165
-0.581435340184 -0.0801623940381
-0.517786715766 -0.147401961835
-0.431857477188 -0.229217291507
-0.32695835105 -0.311681121466
-0.200522268879 -0.389165982648
-0.054312486415 -0.44018243583
0.0969619109349 -0.482193930024
0.23665182475 -0.542466181079
0.324553679147 -0.413013619227
0.434389186585 -0.294720319203
0.539217550321 -0.0589298921798
0.508245047993 -0.173208840832
0.515993313906 0.0500430384631
-0.382997799004 0.0604294382521
-0.445473573645 -0.0494673186618
-0.310676500657 0.173219452405
-0.235334762352 0.288083211438
-0.168079789244 0.407181163821
0.26287231147 0.278805913035
