6.07153216592e-18 0.01 0.303470989776
0.01 0.0 0.303512082813
0.0835401147366 0.0623674151428 0.303360608238
0.0402521532882 0.0927651287084 0.303305108398
-0.01 0.0 0.303384496441
-0.0602776076103 0.0850411550796 0.303200714759
-0.107474566518 0.0277124625836 0.303267520199
-0.00563864691527 0.126429608726 0.303226154419
0.0782588095567 0.171106775017 0.303229047593
0.00112457047293 0.203475618816 0.303177846072
0.143757195082 0.131628976244 0.303247360719
0.0793521770898 -0.0101539716258 0.303466124434
0.136043235388 0.0254138959222 0.303347660435
0.0923900160013 -0.0565534630057 0.303553565508
0.180876250456 -0.0326820705459 0.303388266904
2.16840434497e-18 -0.01 0.303575011019
0.0119758087241 -0.13447985334 0.303711481427
0.124057340602 -0.149618980606 0.303635235464
-0.0730647585213 -0.108243207782 0.303582944136
1.0 0.0 0.303032878169
0.985615910348 0.169000820322 0.303029662689
0.805482546865 0.126312062592 0.303123459329
0.825402583032 -0.0256315538683 0.303132021516
0.942877445461 0.333139794742 0.30302867278
0.761849489973 0.274042163866 0.303119420494
0.873014113161 0.487694943814 0.303028597876
0.700801369354 0.417282787647 0.303110946061
0.778035754318 0.628219997296 0.30302886067
0.62004415015 0.549375172506 0.303104368731
0.66067472339 0.750672305253 0.303029612133
0.533161179882 0.667766905247 0.303100616307
0.524307283557 0.851529137733 0.303017504278
0.470400363071 0.764355422166 0.303051181601
0.37285647778 0.927889027297 0.303013339626
0.356614262212 0.771675592466 0.303058204978
0.210679269996 0.977555238948 0.302998330399
0.206551984445 0.785507527163 0.303016883997
0.0424412031961 0.999098966205 0.302978254596
0.0469707613914 0.807107835208 0.302928387582
-0.13634737543 0.990503874168 0.302965649357
-0.112729696755 0.809215517717 0.302856777713
-0.310741448372 0.950260383949 0.30295983713
-0.265642658819 0.776635615818 0.302808386355
-0.475197877482 0.879651361491 0.302950323975
-0.407007020479 0.7140703702 0.302779019292
-0.624488128297 0.780920351657 0.302947419831
-0.536015130015 0.620963058213 0.302763314023
-0.753712688482 0.657068642713 0.302941331423
-0.65467229935 0.520071825618 0.302776283916
-0.858690796209 0.512103170309 0.302953569833
-0.760229457669 0.452342811546 0.302862512767
-0.936215926277 0.35079165387 0.302939796095
-0.772437172544 0.32719974818 0.302792763968
-0.983824650037 0.178262698027 0.302945791449
-0.806268513597 0.174971201803 0.302793145633
-1.0 3.48199086394e-16 0.302957917206
-0.826683775385 0.018376021607 0.302824916917
-0.984720280192 -0.173631759175 0.302966682737
-0.813946376303 -0.132704613163 0.302850584595
-0.939546685869 -0.341965724306 0.302976816367
-0.771054682033 -0.277693208024 0.302897466924
-0.865852454685 -0.499899057061 0.302981445253
-0.695277844908 -0.412429529467 0.302921431927
-0.7658742214 -0.642644320004 0.302985666345
-0.601343287424 -0.536930521642 0.302949247069
-0.642644320004 -0.7658742214 0.302994318682
-0.501516469336 -0.654942338505 0.302987021471
-0.499899057062 -0.865852454685 0.302994369154
-0.434953715466 -0.76293414147 0.30299529222
-0.341965724306 -0.939546685869 0.303005696485
-0.304992984071 -0.769226825784 0.303036898808
-0.173631759175 -0.984720280192 0.303029868403
-0.146406279463 -0.793667665078 0.303133197314
-4.51028103754e-16 -1.0 0.303057886287
0.013000698915 -0.811891247691 0.303235393925
0.173631759175 -0.984720280192 0.303075245088
0.167025500848 -0.814208966176 0.303304820502
0.341965724306 -0.939546685869 0.303068055688
0.307528759421 -0.79260979921 0.303301272758
0.499899057062 -0.865852454685 0.303078891437
0.427994431111 -0.723759300917 0.303318496278
0.642644320004 -0.7658742214 0.303057222343
0.547102935229 -0.629126166722 0.303243128943
0.7658742214 -0.642644320004 0.303050569139
0.664448235461 -0.521510775383 0.303186387586
0.865852454685 -0.499899057061 0.303034186943
0.767291346005 -0.450146954478 0.303105727416
0.939546685869 -0.341965724306 0.303046678154
0.776578098551 -0.330058376232 0.303142718242
0.984720280192 -0.173631759175 0.303039948726
0.808767542517 -0.182326949724 0.303141472853
0.207828666893 0.0836560558202 0.303266200582
0.269575321794 0.0213870211236 0.303281196402
0.235315261436 -0.115748402737 0.303451061812
0.330931351849 -0.0541657890442 0.303303856841
0.134436605117 0.260846637125 0.303190640533
0.0478337268984 0.308306529492 0.303104333865
0.207363697726 0.208709920021 0.303236736313
0.286697310224 0.161113147819 0.30331462853
0.357069589803 0.0885347424389 0.303322398267
0.413729676142 0.0086185079052 0.303328340824
0.401297578261 -0.129102154566 0.30330553714
0.452271398356 -0.0599245897503 0.303340278513
0.312966564051 -0.214749324684 0.303478717794
0.17175163228 -0.308190424488 0.303811454839
0.00333730289515 -0.28067145824 0.303708282919
-0.125113275027 -0.239813064761 0.303445288536
-0.171935330271 -0.0672432502803 0.303349338906
-0.238784869996 -0.18500659206 0.303189203029
-0.200374085082 0.0991949709773 0.302982741916
-0.273303216481 -0.00657430813324 0.303023041181
-0.110682689883 0.201173944789 0.302980161607
-0.0575724605245 0.350920930877 0.302831420536
0.115950692857 0.427483201666 0.30307293993
-0.00195627185236 0.48087119845 0.302763256399
0.205190533437 0.350214079995 0.303221222543
0.604089700705 0.220208168576 0.303278291505
0.648840986384 0.0873841204765 0.303270620902
0.537122588988 0.351160059944 0.303302969708
0.469205460868 0.488642528329 0.303238016651
0.394998345926 0.62692892735 0.303158805764
0.217493970773 0.579585889651 0.303113366555
0.0439363572969 0.633048226763 0.302848120779
-0.102667686785 0.64871484286 0.302670425337
-0.230112329557 0.636879921848 0.302573530074
-0.34155666202 0.574892162597 0.302442900757
-0.455006096389 0.477799472447 0.302396795066
-0.591801980505 0.350751263552 0.30242851755
-0.644560764322 0.17016067055 0.302499453102
-0.674942443656 0.0250166846419 0.302606837342
-0.67627294992 -0.100922242621 0.302673956699
-0.626903284687 -0.214203254464 0.302758993395
-0.547584777836 -0.32781562876 0.302837477569
-0.445010674442 -0.439597874392 0.302924392677
-0.314415836643 -0.573409381531 0.303096701751
-0.120255723214 -0.611247783066 0.303432190482
0.0392838261608 -0.641077554879 0.303663341753
0.177735404025 -0.667719900889 0.303753026419
0.27867881721 -0.690651575855 0.303589707703
0.350772288184 -0.611625027467 0.303817309578
0.452583910337 -0.505565803184 0.303533047826
0.595510567884 -0.368866167209 0.303346471889
0.649926560694 -0.194582375973 0.303289122227
0.665665700148 -0.0492420861864 0.303275094696
-0.34690440809 -0.117709293849 0.302969541954
0.374651960282 0.275435541874 0.303463557122
0.462189841782 0.159744691882 0.303452537943
0.320096134725 0.424455181277 0.303370355268
-0.116295319489 0.518820367264 0.302468988432
-0.204219981527 0.54225959524 0.302354643451
-0.267487658264 0.473314815849 0.302105516202
-0.349513009203 0.37172456587 0.30205382008
-0.435888356812 0.251678202616 0.302108391813
-0.502376699637 0.124110192793 0.30228318604
-0.550246354866 0.00783702234165 0.302434844689
-0.581435340184 -0.0801623940381 0.30248104824
-0.517786715766 -0.147401961835 0.302658631947
-0.431857477188 -0.229217291507 0.302792565241
-0.32695835105 -0.311681121466 0.302988645109
-0.200522268879 -0.389165982648 0.303318851628
-0.054312486415 -0.44018243583 0.303741119231
0.0969619109349 -0.482193930024 0.304147720104
0.23665182475 -0.542466181079 0.304350618292
0.324553679147 -0.413013619227 0.30389154583
0.434389186585 -0.294720319203 0.303447612753
0.539217550321 -0.0589298921798 0.303356802454
0.508245047993 -0.173208840832 0.303327681925
0.515993313906 0.0500430384631 0.30341044233
-0.382997799004 0.0604294382521 0.302653038988
-0.445473573645 -0.0494673186618 0.302759026827
-0.310676500657 0.173219452405 0.302564699314
-0.235334762352 0.288083211438 0.302491749835
-0.168079789244 0.407181163821 0.302436683223
0.26287231147 0.278805913035 0.303307798533
