6.07153216592e-18 0.01 0.303623293301
0.01 0.0 0.303670209022
0.0835401147366 0.0623674151428 0.303471954567
0.0402521532882 0.0927651287084 0.303411043225
-0.01 0.0 0.30349569569
-0.0602776076103 0.0850411550796 0.303307232209
-0.107474566518 0.0277124625836 0.303380030527
-0.00563864691527 0.126429608726 0.303326000457
0.0782588095567 0.171106775017 0.30330971049
0.00112457047293 0.203475618816 0.303283845484
0.143757195082 0.131628976244 0.303309947996
0.0793521770898 -0.0101539716258 0.30360477478
0.136043235388 0.0254138959222 0.30344496915
0.0923900160013 -0.0565534630057 0.303711681003
0.180876250456 -0.0326820705459 0.303492781933
2.16840434497e-18 -0.01 0.303746641265
0.0119758087241 -0.13447985334 0.303854690475
0.124057340602 -0.149618980606 0.303798292582
-0.0730647585213 -0.108243207782 0.303684318032
1.0 0.0 0.303036037851
0.985615910348 0.169000820322 0.303029191427
0.805482546865 0.126312062592 0.303122225646
0.825402583032 -0.0256315538683 0.303144997703
0.942877445461 0.333139794742 0.303025045262
0.761849489973 0.274042163866 0.303105994045
0.873014113161 0.487694943814 0.303022337061
0.700801369354 0.417282787647 0.303088787286
0.778035754318 0.628219997296 0.303020313699
0.62004415015 0.549375172506 0.303075891602
0.66067472339 0.750672305253 0.303019083869
0.533161179882 0.667766905247 0.303067124635
0.524307283557 0.851529137733 0.30300994074
0.470400363071 0.764355422166 0.303032099318
0.37285647778 0.927889027297 0.303006653364
0.356614262212 0.771675592466 0.303036893676
0.210679269996 0.977555238948 0.302996935272
0.206551984445 0.785507527163 0.303014430997
0.0424412031961 0.999098966205 0.302986779106
0.0469707613914 0.807107835208 0.302969189898
-0.13634737543 0.990503874168 0.302982532376
-0.112729696755 0.809215517717 0.302936287075
-0.310741448372 0.950260383949 0.302981240053
-0.265642658819 0.776635615818 0.302915318699
-0.475197877482 0.879651361491 0.302977675838
-0.407007020479 0.7140703702 0.302902820755
-0.624488128297 0.780920351657 0.302976409159
-0.536015130015 0.620963058213 0.302895079309
-0.753712688482 0.657068642713 0.302972817349
-0.65467229935 0.520071825618 0.302897586715
-0.858690796209 0.512103170309 0.302978211765
-0.760229457669 0.452342811546 0.302935650395
-0.936215926277 0.35079165387 0.302970561716
-0.772437172544 0.32719974818 0.302898584961
-0.983824650037 0.178262698027 0.302970108908
-0.806268513597 0.174971201803 0.302885143236
-1.0 3.48199086394e-16 0.30297167581
-0.826683775385 0.018376021607 0.302881057883
-0.984720280192 -0.173631759175 0.302970614824
-0.813946376303 -0.132704613163 0.302870595174
-0.939546685869 -0.341965724306 0.302969993317
-0.771054682033 -0.277693208024 0.302870572786
-0.865852454685 -0.499899057061 0.302962229052
-0.695277844908 -0.412429529467 0.302835324106
-0.7658742214 -0.642644320004 0.302956613574
-0.601343287424 -0.536930521642 0.302820743823
-0.642644320004 -0.7658742214 0.302954072343
-0.501516469336 -0.654942338505 0.302843051231
-0.499899057062 -0.865852454685 0.302959886996
-0.434953715466 -0.76293414147 0.30290410529
-0.341965724306 -0.939546685869 0.302956620928
-0.304992984071 -0.769226825784 0.302890317496
-0.173631759175 -0.984720280192 0.303000707654
-0.146406279463 -0.793667665078 0.303029373605
-4.51028103754e-16 -1.0 0.303058449766
0.013000698915 -0.811891247691 0.303241338055
0.173631759175 -0.984720280192 0.303101094189
0.167025500848 -0.814208966176 0.30341025044
0.341965724306 -0.939546685869 0.303100221957
0.307528759421 -0.79260979921 0.303444588058
0.499899057062 -0.865852454685 0.303120195534
0.427994431111 -0.723759300917 0.303484606905
0.642644320004 -0.7658742214 0.3030892775
0.547102935229 -0.629126166722 0.303373693528
0.7658742214 -0.642644320004 0.303076681318
0.664448235461 -0.521510775383 0.303279733453
0.865852454685 -0.499899057061 0.303049356196
0.767291346005 -0.450146954478 0.303153412033
0.939546685869 -0.341965724306 0.303063735734
0.776578098551 -0.330058376232 0.303195294051
0.984720280192 -0.173631759175 0.303048197764
0.808767542517 -0.182326949724 0.303171066215
0.207828666893 0.0836560558202 0.303315894738
0.269575321794 0.0213870211236 0.303332734844
0.235315261436 -0.115748402737 0.303574110293
0.330931351849 -0.0541657890442 0.303372085314
0.134436605117 0.260846637125 0.30322902654
0.0478337268984 0.308306529492 0.303184931146
0.207363697726 0.208709920021 0.30325038324
0.286697310224 0.161113147819 0.303312016923
0.357069589803 0.0885347424389 0.303329082417
0.413729676142 0.0086185079052 0.303354962704
0.401297578261 -0.129102154566 0.303376283765
0.452271398356 -0.0599245897503 0.303383386027
0.312966564051 -0.214749324684 0.303620391952
0.17175163228 -0.308190424488 0.30399767055
0.00333730289515 -0.28067145824 0.303624425524
-0.125113275027 -0.239813064761 0.303245603791
-0.171935330271 -0.0672432502803 0.303435585491
-0.238784869996 -0.18500659206 0.303079163405
-0.200374085082 0.0991949709773 0.303117883642
-0.273303216481 -0.00657430813324 0.303111950311
-0.110682689883 0.201173944789 0.303130684312
-0.0575724605245 0.350920930877 0.303009391579
0.115950692857 0.427483201666 0.303113937992
-0.00195627185236 0.48087119845 0.302940904
0.205190533437 0.350214079995 0.303212492846
0.604089700705 0.220208168576 0.303251105689
0.648840986384 0.0873841204765 0.303270398956
0.537122588988 0.351160059944 0.303247425099
0.469205460868 0.488642528329 0.303180499295
0.394998345926 0.62692892735 0.303112128793
0.217493970773 0.579585889651 0.303104869426
0.0439363572969 0.633048226763 0.302954111963
-0.102667686785 0.64871484286 0.302864581284
-0.230112329557 0.636879921848 0.302817745148
-0.34155666202 0.574892162597 0.302759588123
-0.455006096389 0.477799472447 0.302733948253
-0.591801980505 0.350751263552 0.302730883429
-0.644560764322 0.17016067055 0.302725758124
-0.674942443656 0.0250166846419 0.302734022185
-0.67627294992 -0.100922242621 0.302721395909
-0.626903284687 -0.214203254464 0.302706420282
-0.547584777836 -0.32781562876 0.30262179735
-0.445010674442 -0.439597874392 0.302520658106
-0.314415836643 -0.573409381531 0.302627940081
-0.120255723214 -0.611247783066 0.303137958753
0.0392838261608 -0.641077554879 0.303683075969
0.177735404025 -0.667719900889 0.304005941553
0.27867881721 -0.690651575855 0.303853174339
0.350772288184 -0.611625027467 0.304208227722
0.452583910337 -0.505565803184 0.303792249604
0.595510567884 -0.368866167209 0.303494471676
0.649926560694 -0.194582375973 0.30335541326
0.665665700148 -0.0492420861864 0.303305705299
-0.34690440809 -0.117709293849 0.302931583508
0.374651960282 0.275435541874 0.303395401162
0.462189841782 0.159744691882 0.303416499951
0.320096134725 0.424455181277 0.303300357662
-0.116295319489 0.518820367264 0.302789892442
-0.204219981527 0.54225959524 0.3027295329
-0.267487658264 0.473314815849 0.302621511613
-0.349513009203 0.37172456587 0.302592371514
-0.435888356812 0.251678202616 0.302587725785
-0.502376699637 0.124110192793 0.302610652503
-0.550246354866 0.00783702234165 0.302607571969
-0.581435340184 -0.0801623940381 0.302556664588
-0.517786715766 -0.147401961835 0.302615441053
-0.431857477188 -0.229217291507 0.302516470177
-0.32695835105 -0.311681121466 0.302490521687
-0.200522268879 -0.389165982648 0.302681612471
-0.054312486415 -0.44018243583 0.30336544626
0.0969619109349 -0.482193930024 0.304271328642
0.23665182475 -0.542466181079 0.304868122219
0.324553679147 -0.413013619227 0.304261083264
0.434389186585 -0.294720319203 0.303615415782
0.539217550321 -0.0589298921798 0.30339725421
0.508245047993 -0.173208840832 0.303408438787
0.515993313906 0.0500430384631 0.303413294232
-0.382997799004 0.0604294382521 0.30283908284
-0.445473573645 -0.0494673186618 0.302810440713
-0.310676500657 0.173219452405 0.302841422563
-0.235334762352 0.288083211438 0.30281897079
-0.168079789244 0.407181163821 0.302787039533
0.26287231147 0.278805913035 0.303278645997
