0.25 0.0 0.397067945961
1.53080849893e-17 -0.25 0.329539254017
0.653726219848 -0.72765384662 0.305970168338
1.02590457133 -0.197667923849 0.548212657694
-0.25 -3.06161699787e-17 0.31630257635
-0.722418865891 -0.641996391739 0.248428039075
-0.233035503102 -0.883042077524 0.45231425408
-0.876279170181 0.206547391243 0.624845045136
-1.3413240069 -0.400814084125 0.256804184055
-4.5924254968e-17 0.25 0.31494716535
-0.511785349219 0.687571397705 0.330680973653
0.384119114995 0.939948392273 0.629113426695
-0.12499264442 1.32672081959 0.100736229501
0.857488513063 0.647866746091 0.703293164533
1.50488307229 0.470818397637 0.535951736195
1.76051720488 -0.491407873559 0.523978432381
2.22533415516 0.205771820353 0.365083950956
1.34492688516 -1.15405583556 0.282716195092
0.272122003969 -1.29760373764 0.102292150848
0.876696777017 -1.82447670635 0.0895091805476
7.5 0.0 0.0231784230165
7.39770977552 1.23445942711 0.00575973157988
6.17130175641 0.878186520852 0.147402857992
6.28346692474 -0.156852394285 0.0581176941265
7.09362931275 2.43524601904 -0.126775636824
5.89367601629 1.89237894962 0.199842100575
6.59605313405 3.56960544778 -0.274700302404
5.41361059813 2.83417191722 0.193056978986
5.91855382047 4.60659534517 -0.388324247547
4.81758854394 3.72015720991 0.0921007938758
5.07961178719 5.51792933005 -0.415336124206
4.08251465235 4.51017055144 -0.00750897141399
4.10211118592 6.27874858697 -0.361198766627
3.2444168287 5.18708898543 -0.00873111099176
3.0127156849 6.86829994991 -0.177041524216
2.28922452331 5.70387849333 0.0942597885019
1.84114115356 7.27050199454 0.0448578852252
1.28107566382 6.06343659749 0.16399933164
0.619345091042 7.47438369755 0.0796565929548
0.262343739331 6.26491396207 0.0951394075384
-0.619345091042 7.47438369755 0.00638569360884
-0.777116932943 6.22764840384 0.0308448841965
-1.84114115356 7.27050199454 0.0677000911758
-1.84989341227 5.98517344775 0.15753695906
-3.0127156849 6.86829994991 0.26318442359
-2.92864562193 5.65856177077 0.424657587425
-4.10211118592 6.27874858697 0.316537936053
-3.90844663231 5.30276935581 0.544357042468
-5.07961178719 5.51792933005 0.188817899894
-4.64351535895 5.05470365597 0.533909948847
-5.91855382047 4.60659534517 0.140289934607
-4.93289029862 4.3504369138 0.538117942407
-6.59605313405 3.56960544778 0.223736945221
-5.33534638742 3.40997517807 0.373150966893
-7.09362931275 2.43524601904 0.574952749117
-5.72084804108 2.34969275582 0.541460232512
-7.39770977552 1.23445942711 0.916032036655
-5.94496322923 1.23273437254 0.658350628035
-7.5 4.24915417324e-15 1.09948590298
-5.98946601646 0.0877705144817 0.685396623818
-7.39770977552 -1.23445942711 1.06912044836
-5.88033571816 -1.05071563569 0.643430603583
-7.09362931275 -2.43524601904 1.00144138595
-5.6777042698 -2.15741524628 0.594485471749
-6.59605313405 -3.56960544778 0.853964121207
-5.3378030979 -3.16525084852 0.506258158513
-5.91855382047 -4.60659534517 0.610359708805
-4.72218382255 -4.03201341924 0.338932639043
-5.07961178719 -5.51792933005 0.399937093095
-4.12953536799 -4.92476994271 0.152888806066
-4.10211118592 -6.27874858697 0.221406339269
-3.69888362872 -5.6538591646 0.0597608055883
-3.0127156849 -6.86829994991 0.0365704706175
-2.88129654107 -5.75385942182 0.0428347014894
-1.84114115356 -7.27050199454 -0.137205686215
-1.82189157776 -5.92734430024 -0.0157682176963
-0.619345091042 -7.47438369755 -0.180564172696
-0.685840598757 -6.06882387269 -0.0308340544884
0.619345091042 -7.47438369755 0.0497881869575
0.446549572146 -6.13533179937 0.0966627122032
1.84114115356 -7.27050199454 0.195921747445
1.53437083769 -5.98878745765 0.20078300752
3.0127156849 -6.86829994991 0.191710119561
2.55921345727 -5.66050770406 0.20623766072
4.10211118592 -6.27874858697 0.164092308666
3.52963642767 -5.17997208407 0.124749559207
5.07961178719 -5.51792933005 0.111364819571
4.42474023361 -4.63502338595 0.0454735718389
5.91855382047 -4.60659534517 0.112083435314
5.14685808303 -4.02273171222 0.170816887331
6.59605313405 -3.56960544778 0.102243244613
5.59894289234 -3.18138480397 0.286387396164
7.09362931275 -2.43524601904 -0.0522882566278
5.96200723303 -2.22290493954 0.0986839389323
7.39770977552 -1.23445942711 -0.0855515690506
6.21022335803 -1.19757563491 -0.000465930615212
-1.43687089526 0.503892355588 0.533139170662
-1.9864353253 0.0257292814334 0.548572052658
-1.08980850999 1.0659859489 0.268838064038
-0.705929559255 1.71313642381 0.144090814176
0.358305733044 1.97648212082 0.483500873174
-0.224613344981 2.41698206246 -0.0143597318621
0.842324025644 1.54077317006 0.50476975372
1.20864138456 1.16964571237 0.251179149463
2.1290575756 -1.56455345565 0.24451206937
2.52228178706 -0.806704486015 0.338759708137
1.64067067245 -2.36307949238 0.252349655238
0.288292585837 -2.50498818356 0.249794940698
1.03963068967 -3.12335520533 0.153863297522
-0.221328396795 -1.82556665189 0.149163988686
-0.489554503521 -1.32899673297 0.333760728606
-1.01914688328 -1.30705809902 0.223102198971
-1.8203822266 -1.17538426947 0.632368088848
-2.96689039736 -0.766706614034 0.364582934449
-2.40430508604 0.663433037873 0.917578042139
-3.35116757281 0.358173861456 0.464239035354
-1.8470642764 0.845337826765 0.72770914599
4.84726880195 1.40744126422 0.213812142241
5.1522633963 0.586829108176 0.134679321538
4.40194225272 2.19350666627 0.289146179025
3.81654931852 2.91801049281 0.33921131531
3.17870349727 3.60978207024 0.337292165936
0.807425136695 5.06524815554 0.291955877346
1.62299352382 4.69004775124 0.303668329484
-0.00692751709606 5.27571923981 0.164032859142
-0.875412751477 5.16597423753 0.103961466025
-1.87111183325 4.81604546857 0.321496768075
-2.93322002681 4.56408577775 0.596969608815
-3.98102636996 4.37690615855 -0.049904438291
-4.47779957717 2.33474245971 0.613395519225
-4.20580506293 3.37837862895 0.514862549914
-4.60507771702 1.27962348266 0.66622181867
-4.61386799986 0.190544609788 0.563633955514
-4.50431391466 -0.908716515223 0.521851680828
-4.46630891089 -1.9798326667 0.464667233748
-4.43638511585 -2.84997072396 0.40048177467
-3.50986644968 -3.41518213636 0.295164734712
-3.08525735591 -4.68113868802 -0.000978240622419
-1.90823791322 -4.68168533395 -0.0525046905949
-0.733501772388 -4.77160705048 -0.0378328780735
0.362105259505 -4.93299268639 0.0268354603207
1.30617513992 -4.929999457 0.0871081114838
2.16483954176 -4.60921599991 0.169974374116
3.05833966353 -4.16703934929 0.171974369286
3.97251206821 -3.83618226445 0.0432467683351
4.94750517139 -2.09143179601 0.138531184921
4.74670974763 -2.93920275872 0.470037974972
5.13971543931 -1.18848380189 0.00576419826823
5.22039589053 -0.294384603402 0.0269683712858
-1.70001684788 1.36868808684 0.188806147253
-1.39631910232 2.0894435527 0.308294855058
-0.904862283227 2.93413019295 0.232143883982
0.391521359709 3.13400526779 0.507095695183
-0.21944050931 3.65602053584 0.0654643466485
0.993140430996 2.61369996048 0.796891046185
1.51274633459 2.04201300374 0.805415077511
1.92611161496 1.32029722095 0.49306436175
2.73523009847 0.932427084116 0.0464350228039
3.03067650684 -1.90933261265 0.175258272016
3.32860184644 -1.06444260619 0.0716192172304
2.66502582715 -3.02148497931 0.339999042138
1.75587731033 -3.72375285386 0.210061456884
0.490150503509 -3.90497910049 0.129008631059
1.17612250809 -4.17821455026 -0.0187514120842
-0.597405559533 -3.34255374131 0.23273807211
-2.01028411475 -2.20262346388 0.0238109495006
-0.987166106897 -2.14336631255 0.247345451827
3.4923116878 1.56978632537 0.374803182605
3.98159280136 0.962191331726 0.109383772451
2.89918157972 2.16189558326 0.681388207309
2.32354769489 2.78019293333 0.815591706657
0.381402921635 4.27361247976 0.58319507583
1.0209591684 3.8487030052 0.567046426285
-0.137288864656 4.60231034693 0.38367109589
-0.729737986409 4.29107861712 0.481308462364
-1.77461842411 3.56936569251 0.767989869497
-3.0618735525 3.44774404056 0.452056218083
-3.31496220535 2.37530674625 0.692543727738
-3.44068378069 1.35842901692 0.843557997916
-3.25874437494 -2.09758258264 0.010100684773
-2.01066695847 -3.40870242258 0.384950831649
3.85227171241 -2.94451165908 0.215045182438
4.00759661536 -2.02746785026 0.0346970419546
4.19589024314 -1.17067816855 -0.0647670174534
4.32599716566 -0.382714081468 -0.0896191938001
4.30074161495 0.332910548366 0.00416812117508
-2.2632451523 2.35676162641 0.774766445528
-2.45381337297 1.44718229315 0.589881143799
3.59012248943 -0.355290523571 -0.176494162143
2.926315276 -0.103293179819 0.462388552136
3.74773202149 0.174265692161 -0.241971007824
3.33922628734 0.513284352065 0.0986124625256
2.42454786395 4.20159279185 0.303534859664
1.69369275781 3.35746830585 0.625818336573
4.60795902463 -3.59745753377 0.273712089396
