1 2 3
3 4 5
5 6 1
1 3 5
7 8 9
9 10 11
11 4 7
7 9 11
12 6 5
5 4 11
11 10 12
12 5 11
13 14 15
15 16 17
17 18 13
13 15 17
19 20 21
21 22 23
23 16 19
19 21 23
24 25 26
26 18 27
27 22 24
24 26 27
17 16 23
23 22 27
27 18 17
17 23 27
28 20 29
29 30 31
31 32 28
28 29 31
33 34 35
35 36 37
37 30 33
33 35 37
38 39 40
40 32 41
41 36 38
38 40 41
31 30 37
37 36 41
41 32 31
31 37 41
42 43 44
44 45 46
46 47 42
42 44 46
48 49 50
50 51 52
52 45 48
48 50 52
53 54 55
55 47 56
56 51 53
53 55 56
46 45 52
52 51 56
56 47 46
46 52 56
57 58 59
59 60 61
61 62 57
57 59 61
63 64 65
65 66 67
67 60 63
63 65 67
68 69 70
70 62 71
71 66 68
68 70 71
61 60 67
67 66 71
71 62 61
61 67 71
72 73 74
74 75 76
76 77 72
72 74 76
78 79 80
80 81 82
82 75 78
78 80 82
83 84 85
85 77 86
86 81 83
83 85 86
76 75 82
82 81 86
86 77 76
76 82 86
87 88 89
89 90 91
91 92 87
87 89 91
93 94 95
95 96 97
97 90 93
93 95 97
98 99 100
100 92 101
101 96 98
98 100 101
91 90 97
97 96 101
101 92 91
91 97 101
102 103 104
104 105 106
106 107 102
102 104 106
108 109 110
110 111 112
112 105 108
108 110 112
113 114 115
115 107 116
116 111 113
113 115 116
106 105 112
112 111 116
116 107 106
106 112 116
117 118 119
119 120 121
121 122 117
117 119 121
123 124 125
125 126 127
127 120 123
123 125 127
128 109 129
129 122 130
130 126 128
128 129 130
121 120 127
127 126 130
130 122 121
121 127 130
131 114 132
132 133 134
134 135 131
131 132 134
136 137 138
138 139 140
140 133 136
136 138 140
141 142 143
143 135 144
144 139 141
141 143 144
134 133 140
140 139 144
144 135 134
134 140 144
145 146 147
147 148 149
149 150 145
145 147 149
151 152 153
153 154 155
155 148 151
151 153 155
156 157 158
158 150 159
159 154 156
156 158 159
149 148 155
155 154 159
159 150 149
149 155 159
160 161 162
162 163 164
164 165 160
160 162 164
166 167 168
168 169 170
170 163 166
166 168 170
171 172 173
173 165 174
174 169 171
171 173 174
164 163 170
170 169 174
174 165 164
164 170 174
175 176 177
177 178 179
179 180 175
175 177 179
181 182 183
183 184 185
185 178 181
181 183 185
186 187 188
188 180 189
189 184 186
186 188 189
179 178 185
185 184 189
189 180 179
179 185 189
190 191 192
192 193 194
194 195 190
190 192 194
196 197 198
198 199 200
200 193 196
196 198 200
201 202 203
203 195 204
204 199 201
201 203 204
194 193 200
200 199 204
204 195 194
194 200 204
205 58 206
206 207 208
208 209 205
205 206 208
210 49 48
48 45 211
211 207 210
210 48 211
44 43 212
212 209 213
213 45 44
44 212 213
208 207 211
211 45 213
213 209 208
208 211 213
214 202 215
215 216 217
217 218 214
214 215 217
219 220 221
221 222 223
223 216 219
219 221 223
224 225 226
226 218 227
227 222 224
224 226 227
217 216 223
223 222 227
227 218 217
217 223 227
228 229 230
230 231 232
232 233 228
228 230 232
234 235 236
236 237 238
238 231 234
234 236 238
239 240 241
241 233 242
242 237 239
239 241 242
232 231 238
238 237 242
242 233 232
232 238 242
243 235 244
244 245 246
246 247 243
243 244 246
248 69 68
68 66 249
249 245 248
248 68 249
65 64 250
250 247 251
251 66 65
65 250 251
246 245 249
249 66 251
251 247 246
246 249 251
252 253 254
254 255 256
256 257 252
252 254 256
258 259 260
260 261 262
262 255 258
258 260 262
263 197 264
264 257 265
265 261 263
263 264 265
256 255 262
262 261 265
265 257 256
256 262 265
266 267 268
268 269 270
270 271 266
266 268 270
272 240 273
273 274 275
275 269 272
272 273 275
276 277 278
278 271 279
279 274 276
276 278 279
270 269 275
275 274 279
279 271 270
270 275 279
280 69 248
248 245 281
281 282 280
280 248 281
244 235 234
234 231 283
283 245 244
244 234 283
230 229 284
284 282 285
285 231 230
230 284 285
281 245 283
283 231 285
285 282 281
281 283 285
286 287 288
288 289 290
290 291 286
286 288 290
292 293 294
294 295 296
296 289 292
292 294 296
297 277 298
298 291 299
299 295 297
297 298 299
290 289 296
296 295 299
299 291 290
290 296 299
300 229 228
228 233 301
301 302 300
300 228 301
241 240 272
272 269 303
303 233 241
241 272 303
268 267 304
304 302 305
305 269 268
268 304 305
301 233 303
303 269 305
305 302 301
301 303 305
306 307 308
308 309 310
310 311 306
306 308 310
312 287 313
313 314 315
315 309 312
312 313 315
316 317 318
318 311 319
319 314 316
316 318 319
310 309 315
315 314 319
319 311 310
310 315 319
278 277 297
297 295 320
320 271 278
278 297 320
294 293 321
321 322 323
323 295 294
294 321 323
324 267 266
266 271 325
325 322 324
324 266 325
320 295 323
323 322 325
325 271 320
320 323 325
326 327 328
328 329 330
330 331 326
326 328 330
332 333 334
334 335 336
336 329 332
337 338 339
339 340 337
338 341 339
337 342 338
343 344 339
339 341 343
344 340 339
343 43 344
345 346 338
338 342 345
346 341 338
345 347 346
348 349 337
337 340 348
349 342 337
348 259 349
350 351 352
352 353 350
351 354 352
350 355 351
356 357 352
352 354 356
357 353 352
356 43 357
358 359 351
351 355 358
359 354 351
358 360 359
361 362 350
350 353 361
362 355 350
361 39 362
363 364 365
365 366 363
364 367 365
363 261 364
368 369 365
365 367 368
369 366 365
368 54 369
260 370 364
364 261 260
370 367 364
260 259 370
371 263 363
363 366 371
263 261 363
371 197 263
372 373 374
374 375 372
373 376 374
372 342 373
377 378 374
374 376 377
378 375 374
377 379 378
349 380 373
373 342 349
380 376 373
349 259 380
381 345 372
372 375 381
345 342 372
381 347 345
382 383 384
384 385 382
383 386 384
382 387 383
388 389 384
384 386 388
389 385 384
388 390 389
391 392 383
383 387 391
392 386 383
391 393 392
394 395 382
382 385 394
395 387 382
394 253 395
396 397 398
398 399 396
397 400 398
396 401 397
402 403 398
398 400 402
403 399 398
402 390 403
404 405 397
397 401 404
405 400 397
404 406 405
407 408 396
396 399 407
408 401 396
407 79 408
409 410 411
411 47 409
410 340 411
409 367 410
344 42 411
411 340 344
42 47 411
344 43 42
370 348 410
410 367 370
348 340 410
370 259 348
55 368 409
409 47 55
368 367 409
55 54 368
412 413 414
414 415 412
413 51 414
412 416 413
50 417 414
414 51 50
417 415 414
50 49 417
418 53 413
413 416 418
53 51 413
418 54 53
419 420 412
412 415 419
420 416 412
419 220 420
421 422 423
423 424 421
422 425 423
421 178 422
426 427 423
423 425 426
427 424 423
426 172 427
177 428 422
422 178 177
428 425 422
177 176 428
429 181 421
421 424 429
181 178 421
429 182 181
430 431 432
432 433 430
431 424 432
430 434 431
427 435 432
432 424 427
435 433 432
427 172 435
436 429 431
431 434 436
429 424 431
436 182 429
437 438 430
430 433 437
438 434 430
437 225 438
439 440 441
441 442 439
440 180 441
439 443 440
188 444 441
441 180 188
444 442 441
188 187 444
445 175 440
440 443 445
175 180 440
445 176 175
446 447 439
439 442 446
447 443 439
446 448 447
449 450 451
451 452 449
450 453 451
449 425 450
454 455 451
451 453 454
455 452 451
454 118 455
428 456 450
450 425 428
456 453 450
428 176 456
457 426 449
449 452 457
426 425 449
457 172 426
458 459 460
460 461 458
459 462 460
458 463 459
464 465 460
460 462 464
465 461 460
464 137 465
466 467 459
459 463 466
467 462 459
466 157 467
468 469 458
458 461 468
469 463 458
468 470 469
471 472 473
473 474 471
472 461 473
471 475 472
465 476 473
473 461 465
476 474 473
465 137 476
477 468 472
472 475 477
468 461 472
477 470 468
478 479 471
471 474 478
479 475 471
478 480 479
481 482 483
483 415 481
482 484 483
481 485 482
486 419 483
483 484 486
419 415 483
486 220 419
487 488 482
482 485 487
488 484 482
487 489 488
417 490 481
481 415 417
490 485 481
417 49 490
491 492 493
493 216 491
492 416 493
491 494 492
420 219 493
493 416 420
219 216 493
420 220 219
495 418 492
492 494 495
418 416 492
495 54 418
215 496 491
491 216 215
496 494 491
215 202 496
497 498 499
499 500 497
498 501 499
497 81 498
502 503 499
499 501 502
503 500 499
502 504 503
80 505 498
498 81 80
505 501 498
80 79 505
506 83 497
497 500 506
83 81 497
506 84 83
507 508 509
509 510 507
508 511 509
507 512 508
513 514 509
509 511 513
514 510 509
513 393 514
515 516 508
508 512 515
516 511 508
515 504 516
517 518 507
507 510 517
518 512 507
517 519 518
520 521 522
522 523 520
521 96 522
520 524 521
95 525 522
522 96 95
525 523 522
95 94 525
526 98 521
521 524 526
98 96 521
526 99 98
527 528 520
520 523 527
528 524 520
527 504 528
529 530 531
531 532 529
530 533 531
529 534 530
535 536 531
531 533 535
536 532 531
535 537 536
538 539 530
530 534 538
539 533 530
538 99 539
540 541 529
529 532 540
541 534 529
540 542 541
543 544 545
545 546 543
544 154 545
543 547 544
153 548 545
545 154 153
548 546 545
153 152 548
549 156 544
544 547 549
156 154 544
549 157 156
550 551 543
543 546 550
551 547 543
550 552 551
553 554 555
555 556 553
554 557 555
553 558 554
559 560 555
555 557 559
560 556 555
559 561 560
562 563 554
554 558 562
563 557 554
562 152 563
564 565 553
553 556 564
565 558 553
564 88 565
566 567 568
568 547 566
567 462 568
566 569 567
467 549 568
568 462 467
549 547 568
467 157 549
570 464 567
567 569 570
464 462 567
570 137 464
551 571 566
566 547 551
571 569 566
551 552 571
572 573 574
574 575 572
573 576 574
572 150 573
577 578 574
574 576 577
578 575 574
577 579 578
158 580 573
573 150 158
580 576 573
158 157 580
581 145 572
572 575 581
145 150 572
581 146 145
582 583 584
584 585 582
583 586 584
582 587 583
588 589 584
584 586 588
589 585 584
588 590 589
591 592 583
583 587 591
592 586 583
591 124 592
593 594 582
582 585 593
594 587 582
593 480 594
595 596 597
597 598 595
596 599 597
595 600 596
601 602 597
597 599 601
602 598 597
601 603 602
604 605 596
596 600 604
605 599 596
604 590 605
606 607 595
595 598 606
607 600 595
606 579 607
608 609 610
610 611 608
609 587 610
608 126 609
594 612 610
610 587 594
612 611 610
594 480 612
125 591 609
609 126 125
591 587 609
125 124 591
613 128 608
608 611 613
128 126 608
613 109 128
614 615 616
616 617 614
615 618 616
614 619 615
620 621 616
616 618 620
621 617 616
620 307 621
622 623 615
615 619 622
623 618 615
622 124 623
624 625 614
614 617 624
625 619 614
624 333 625
626 627 628
628 629 626
627 630 628
626 631 627
632 633 628
628 630 632
633 629 628
632 307 633
634 635 627
627 631 634
635 630 627
634 293 635
636 637 626
626 629 636
637 631 626
636 448 637
638 639 640
640 618 638
639 629 640
638 641 639
633 620 640
640 629 633
620 618 640
633 307 620
642 636 639
639 641 642
636 629 639
642 448 636
623 643 638
638 618 623
643 641 638
623 124 643
644 645 646
646 647 644
645 648 646
644 649 645
650 651 646
646 648 650
651 647 646
650 187 651
652 653 645
645 649 652
653 648 645
652 229 653
654 655 644
644 647 654
655 649 644
654 489 655
656 657 658
658 322 656
657 659 658
656 631 657
660 324 658
658 659 660
324 322 658
660 267 324
637 661 657
657 631 637
661 659 657
637 448 661
321 634 656
656 322 321
634 631 656
321 293 634
662 663 664
664 665 662
663 302 664
662 648 663
304 666 664
664 302 304
666 665 664
304 267 666
653 300 663
663 648 653
300 302 663
653 229 300
667 650 662
662 665 667
650 648 662
667 187 650
668 669 670
670 62 668
669 207 670
668 671 669
206 57 670
670 207 206
57 62 670
206 58 57
672 210 669
669 671 672
210 207 669
672 49 210
70 673 668
668 62 70
673 671 668
70 69 673
674 675 676
676 257 674
675 677 676
674 678 675
679 252 676
676 677 679
252 257 676
679 253 252
680 681 675
675 678 680
681 677 675
680 682 681
264 683 674
674 257 264
683 678 674
264 197 683
684 685 686
686 399 684
685 687 686
684 386 685
688 407 686
686 687 688
407 399 686
688 79 407
392 689 685
685 386 392
689 687 685
392 393 689
403 388 684
684 399 403
388 386 684
403 390 388
690 691 692
692 693 690
691 694 692
690 695 691
696 697 692
692 694 696
697 693 692
696 542 697
698 699 691
691 695 698
699 694 691
698 552 699
700 701 690
690 693 700
701 695 690
700 142 701
702 703 704
704 600 702
703 705 704
702 706 703
707 604 704
704 705 707
604 600 704
707 590 604
708 709 703
703 706 708
709 705 703
708 470 709
607 710 702
702 600 607
710 706 702
607 579 710
711 712 713
713 120 711
712 641 713
711 714 712
643 123 713
713 641 643
123 120 713
643 124 123
715 642 712
712 714 715
642 641 712
715 448 642
119 716 711
711 120 119
716 714 711
119 118 716
717 718 719
719 165 717
718 720 719
717 452 718
721 160 719
719 720 721
160 165 719
721 161 160
455 722 718
718 452 455
722 720 718
455 118 722
173 457 717
717 165 173
457 452 717
173 172 457
723 724 725
725 599 723
724 726 725
723 727 724
728 601 725
725 726 728
601 599 725
728 603 601
729 730 724
724 727 729
730 726 724
729 333 730
605 731 723
723 599 605
731 727 723
605 590 731
732 733 734
734 133 732
733 474 734
732 735 733
476 136 734
734 474 476
136 133 734
476 137 136
736 478 733
733 735 736
478 474 733
736 480 478
132 737 732
732 133 132
737 735 732
132 114 737
738 739 740
740 139 738
739 695 740
738 569 739
701 141 740
740 695 701
141 139 740
701 142 141
571 698 739
739 569 571
698 695 739
571 552 698
138 570 738
738 139 138
570 569 738
138 137 570
741 742 743
743 744 741
742 534 743
741 745 742
541 746 743
743 534 541
746 744 743
541 542 746
747 538 742
742 745 747
538 534 742
747 99 538
748 749 741
741 744 748
749 745 741
748 152 749
750 751 752
752 753 750
751 385 752
750 754 751
389 755 752
752 385 389
755 753 752
389 390 755
756 394 751
751 754 756
394 385 751
756 253 394
757 758 750
750 753 757
758 754 750
757 379 758
759 760 761
761 762 759
760 763 761
759 510 760
764 765 761
761 763 764
765 762 761
764 682 765
514 766 760
760 510 514
766 763 760
514 393 766
767 517 759
759 762 767
517 510 759
767 519 517
768 769 770
770 500 768
769 771 770
768 523 769
772 506 770
770 771 772
506 500 770
772 84 506
525 773 769
769 523 525
773 771 769
525 94 773
503 527 768
768 500 503
527 523 768
503 504 527
774 775 776
776 777 774
775 778 776
774 779 775
780 781 776
776 778 780
781 777 776
780 782 781
783 784 775
775 779 783
784 778 775
783 542 784
785 786 774
774 777 785
786 779 774
785 787 786
788 789 790
790 791 788
789 60 790
788 792 789
59 793 790
790 60 59
793 791 790
59 58 793
794 63 789
789 792 794
63 60 789
794 64 63
795 796 788
788 791 795
796 792 788
795 360 796
797 798 799
799 800 797
798 671 799
797 485 798
673 801 799
799 671 673
801 800 799
673 69 801
490 672 798
798 485 490
672 671 798
490 49 672
802 487 797
797 800 802
487 485 797
802 489 487
803 804 805
805 806 803
804 22 805
803 807 804
21 808 805
805 22 21
808 806 805
21 20 808
809 24 804
804 807 809
24 22 804
809 25 24
810 811 803
803 806 810
811 807 803
810 347 811
812 813 814
814 32 812
813 806 814
812 815 813
808 28 814
814 806 808
28 32 814
808 20 28
816 810 813
813 815 816
810 806 813
816 347 810
40 817 812
812 32 40
817 815 812
40 39 817
818 819 820
820 209 818
819 791 820
818 354 819
793 205 820
820 791 793
205 209 820
793 58 205
359 795 819
819 354 359
795 791 819
359 360 795
212 356 818
818 209 212
356 354 818
212 43 356
821 822 823
823 376 821
822 754 823
821 255 822
758 377 823
823 754 758
377 376 823
758 379 377
254 756 822
822 255 254
756 754 822
254 253 756
380 258 821
821 376 380
258 255 821
380 259 258
824 825 826
826 387 824
825 763 826
824 677 825
766 391 826
826 763 766
391 387 826
766 393 391
681 764 825
825 677 681
764 763 825
681 682 764
395 679 824
824 387 395
679 677 824
395 253 679
827 828 829
829 10 827
828 830 829
827 831 828
832 833 829
829 830 832
833 10 829
832 406 833
834 835 828
828 831 834
835 830 828
834 379 835
9 836 827
827 10 9
836 831 827
9 8 836
837 838 839
839 753 837
838 830 839
837 400 838
835 757 839
839 830 835
757 753 839
835 379 757
405 832 838
838 400 405
832 830 838
405 406 832
755 402 837
837 753 755
402 400 837
755 390 402
840 841 842
842 843 840
841 524 842
840 533 841
528 844 842
842 524 528
844 843 842
528 504 844
539 526 841
841 533 539
526 524 841
539 99 526
845 535 840
840 843 845
535 533 840
845 537 535
846 847 848
848 771 846
847 849 848
846 850 847
851 772 848
848 849 851
772 771 848
851 84 772
852 853 847
847 850 852
853 849 847
852 854 853
773 855 846
846 771 773
855 850 846
773 94 855
856 857 858
858 859 856
857 75 858
856 401 857
74 860 858
858 75 74
860 859 858
74 73 860
408 78 857
857 401 408
78 75 857
408 79 78
861 404 856
856 859 861
404 401 856
861 406 404
862 863 864
864 77 862
863 865 864
862 849 863
866 72 864
864 865 866
72 77 864
866 73 72
853 867 863
863 849 853
867 865 863
853 854 867
85 851 862
862 77 85
851 849 862
85 84 851
868 869 870
870 871 868
869 872 870
868 873 869
874 875 870
870 872 874
875 871 870
874 782 875
876 877 869
869 873 876
877 872 869
876 519 877
878 879 868
868 871 878
879 873 868
878 537 879
880 881 882
882 883 880
881 884 882
880 850 881
885 886 882
882 884 885
886 883 882
885 887 886
855 888 881
881 850 855
888 884 881
855 94 888
889 852 880
880 883 889
852 850 880
889 854 852
890 891 892
892 871 890
891 532 892
890 778 891
536 878 892
892 532 536
878 871 892
536 537 878
784 540 891
891 778 784
540 532 891
784 542 540
875 780 890
890 871 875
780 778 890
875 782 780
893 894 895
895 896 893
894 897 895
893 898 894
899 900 895
895 897 899
900 896 895
899 146 900
901 902 894
894 898 901
902 897 894
901 561 902
903 904 893
893 896 903
904 898 893
903 905 904
906 907 908
908 909 906
907 910 908
906 911 907
912 913 908
908 910 912
913 909 908
912 914 913
915 916 907
907 911 915
916 910 907
915 88 916
917 918 906
906 909 917
918 911 906
917 887 918
919 920 921
921 575 919
920 922 921
919 923 920
924 581 921
921 922 924
581 575 921
924 146 581
925 926 920
920 923 925
926 922 920
925 927 926
578 928 919
919 575 578
928 923 919
578 579 928
929 930 931
931 932 929
930 898 931
929 933 930
904 934 931
931 898 904
934 932 931
904 905 934
935 901 930
930 933 935
901 898 930
935 561 901
936 937 929
929 932 936
937 933 929
936 914 937
938 939 940
940 585 938
939 475 940
938 705 939
479 593 940
940 475 479
593 585 940
479 480 593
709 477 939
939 705 709
477 475 939
709 470 477
589 707 938
938 585 589
707 705 938
589 590 707
941 942 943
943 944 941
942 945 943
941 923 942
946 947 943
943 945 946
947 944 943
946 948 947
928 949 942
942 923 928
949 945 942
928 579 949
950 925 941
941 944 950
925 923 941
950 927 925
951 952 953
953 576 951
952 706 953
951 463 952
710 577 953
953 706 710
577 576 953
710 579 577
469 708 952
952 463 469
708 706 952
469 470 708
580 466 951
951 576 580
466 463 951
580 157 466
954 955 956
956 329 954
955 726 956
954 957 955
730 332 956
956 726 730
332 329 956
730 333 332
958 728 955
955 957 958
728 726 955
958 603 728
328 959 954
954 329 328
959 957 954
328 327 959
960 961 962
962 963 960
961 957 962
960 964 961
959 965 962
962 957 959
965 963 962
959 327 965
966 958 961
961 964 966
958 957 961
966 603 958
967 968 960
960 963 967
968 964 960
967 948 968
969 970 971
971 945 969
970 964 971
969 598 970
968 946 971
971 964 968
946 945 971
968 948 946
602 966 970
970 598 602
966 964 970
602 603 966
949 606 969
969 945 949
606 598 969
949 579 606
972 973 974
974 630 972
973 309 974
972 289 973
308 632 974
974 309 308
632 630 974
308 307 632
288 312 973
973 289 288
312 309 973
288 287 312
635 292 972
972 630 635
292 289 972
635 293 292
330 336 975
975 331 330
336 335 975
330 329 336
976 977 975
975 335 976
977 331 975
976 317 977
332 334 336
978 979 980
980 981 982
982 983 978
978 980 982
984 985 986
986 987 988
988 981 984
984 986 988
989 990 991
991 983 992
992 987 989
989 991 992
982 981 988
988 987 992
992 983 982
982 988 992
801 69 280
280 282 993
993 800 801
801 280 993
284 229 652
652 649 994
994 282 284
284 652 994
655 489 802
802 800 995
995 649 655
655 802 995
993 282 994
994 649 995
995 800 993
993 994 995
996 997 998
998 999 1000
1000 1001 996
996 998 1000
1002 1003 1004
1004 1005 1006
1006 999 1002
1002 1004 1006
1007 1008 1009
1009 1001 1010
1010 1005 1007
1007 1009 1010
1000 999 1006
1006 1005 1010
1010 1001 1000
1000 1006 1010
1011 1012 1013
1013 1014 1015
1015 1016 1011
1011 1013 1015
1017 854 889
889 883 1018
1018 1014 1017
1017 889 1018
886 887 1019
1019 1016 1020
1020 883 886
886 1019 1020
1015 1014 1018
1018 883 1020
1020 1016 1015
1015 1018 1020
1021 1022 1023
1023 1024 1025
1025 1026 1021
1021 1023 1025
1027 1028 1029
1029 1030 1031
1031 1024 1027
1027 1029 1031
1032 1033 1034
1034 1026 1035
1035 1030 1032
1032 1034 1035
1025 1024 1031
1031 1030 1035
1035 1026 1025
1025 1031 1035
1036 1037 1038
1038 1039 1040
1040 1041 1036
1036 1038 1040
1042 1043 1044
1044 1045 1046
1046 1039 1042
1042 1044 1046
1047 1048 1049
1049 1041 1050
1050 1045 1047
1047 1049 1050
1040 1039 1046
1046 1045 1050
1050 1041 1040
1040 1046 1050
1051 1052 1053
1053 1054 1055
1055 1056 1051
1051 1053 1055
1057 1058 1059
1059 1060 1061
1061 1054 1057
1057 1059 1061
1062 1063 1064
1064 1056 1065
1065 1060 1062
1062 1064 1065
1055 1054 1061
1061 1060 1065
1065 1056 1055
1055 1061 1065
1066 1067 1068
1068 1069 1070
1070 1071 1066
1066 1068 1070
1072 1073 1074
1074 1075 1076
1076 1069 1072
1072 1074 1076
1077 1078 1079
1079 1071 1080
1080 1075 1077
1077 1079 1080
1070 1069 1076
1076 1075 1080
1080 1071 1070
1070 1076 1080
1081 1082 1083
1083 1084 1085
1085 1086 1081
1081 1083 1085
1087 1073 1088
1088 1089 1090
1090 1084 1087
1087 1088 1090
1091 1092 1093
1093 1086 1094
1094 1089 1091
1091 1093 1094
1085 1084 1090
1090 1089 1094
1094 1086 1085
1085 1090 1094
1095 1096 1097
1097 1098 1099
1099 1100 1095
1095 1097 1099
1101 990 1102
1102 1103 1104
1104 1098 1101
1101 1102 1104
1105 1106 1107
1107 1100 1108
1108 1103 1105
1105 1107 1108
1099 1098 1104
1104 1103 1108
1108 1100 1099
1099 1104 1108
1109 1110 1111
1111 1112 1113
1113 1114 1109
1109 1111 1113
1115 1116 1117
1117 1118 1119
1119 1112 1115
1115 1117 1119
1120 1121 1122
1122 1114 1123
1123 1118 1120
1120 1122 1123
1113 1112 1119
1119 1118 1123
1123 1114 1113
1113 1119 1123
1124 1125 1126
1126 1127 1128
1128 1129 1124
1124 1126 1128
1130 979 1131
1131 1132 1133
1133 1127 1130
1130 1131 1133
1134 1096 1135
1135 1129 1136
1136 1132 1134
1134 1135 1136
1128 1127 1133
1133 1132 1136
1136 1129 1128
1128 1133 1136
1137 1138 1139
1139 1140 1141
1141 1142 1137
1137 1139 1141
1143 1144 1145
1145 1146 1147
1147 1140 1143
1143 1145 1147
1148 1149 1150
1150 1142 1151
1151 1146 1148
1148 1150 1151
1141 1140 1147
1147 1146 1151
1151 1142 1141
1141 1147 1151
1152 1153 1154
1154 1155 1156
1156 1157 1152
1152 1154 1156
1158 1159 1160
1160 1161 1162
1162 1155 1158
1158 1160 1162
1163 1164 1165
1165 1157 1166
1166 1161 1163
1163 1165 1166
1156 1155 1162
1162 1161 1166
1166 1157 1156
1156 1162 1166
1126 1125 1167
1167 1168 1169
1169 1127 1126
1126 1167 1169
1170 1149 1171
1171 1172 1173
1173 1168 1170
1170 1171 1173
1174 979 1130
1130 1127 1175
1175 1172 1174
1174 1130 1175
1169 1168 1173
1173 1172 1175
1175 1127 1169
1169 1173 1175
1150 1149 1176
1176 1177 1178
1178 1142 1150
1150 1176 1178
1179 1180 1181
1181 1182 1183
1183 1177 1179
1179 1181 1183
1184 1138 1137
1137 1142 1185
1185 1182 1184
1184 1137 1185
1178 1177 1183
1183 1182 1185
1185 1142 1178
1178 1183 1185
1186 1138 1187
1187 1188 1189
1189 1190 1186
1186 1187 1189
1191 1192 1193
1193 1194 1195
1195 1188 1191
1191 1193 1195
1196 1197 1198
1198 1190 1199
1199 1194 1196
1196 1198 1199
1189 1188 1195
1195 1194 1199
1199 1190 1189
1189 1195 1199
1200 1197 1201
1201 1202 1203
1203 1204 1200
1200 1201 1203
1205 1206 1207
1207 1208 1209
1209 1202 1205
1205 1207 1209
1210 1211 1212
1212 1204 1213
1213 1208 1210
1210 1212 1213
1203 1202 1209
1209 1208 1213
1213 1204 1203
1203 1209 1213
1088 1073 1072
1072 1069 1214
1214 1089 1088
1088 1072 1214
1068 1067 1215
1215 1216 1217
1217 1069 1068
1068 1215 1217
1218 1092 1091
1091 1089 1219
1219 1216 1218
1218 1091 1219
1214 1069 1217
1217 1216 1219
1219 1089 1214
1214 1217 1219
1220 1153 1221
1221 1222 1223
1223 1224 1220
1220 1221 1223
1225 225 1226
1226 1227 1228
1228 1222 1225
1225 1226 1228
1229 167 1230
1230 1224 1231
1231 1227 1229
1229 1230 1231
1223 1222 1228
1228 1227 1231
1231 1224 1223
1223 1228 1231
1232 1092 1218
1218 1216 1233
1233 1234 1232
1232 1218 1233
1215 1067 1235
1235 1236 1237
1237 1216 1215
1215 1235 1237
1238 1239 1240
1240 1234 1241
1241 1236 1238
1238 1240 1241
1233 1216 1237
1237 1236 1241
1241 1234 1233
1233 1237 1241
1242 1078 1243
1243 1244 1245
1245 1246 1242
1242 1243 1245
1247 1248 1249
1249 1250 1251
1251 1244 1247
1247 1249 1251
1252 1253 1254
1254 1246 1255
1255 1250 1252
1252 1254 1255
1245 1244 1251
1251 1250 1255
1255 1246 1245
1245 1251 1255
1256 1257 1258
1258 1259 1260
1260 1261 1256
1256 1258 1260
1262 1263 1264
1264 1265 1266
1266 1259 1262
1262 1264 1266
1267 1268 1269
1269 1261 1270
1270 1265 1267
1267 1269 1270
1260 1259 1266
1266 1265 1270
1270 1261 1260
1260 1266 1270
1271 1272 1273
1273 1274 1275
1275 1276 1271
1271 1273 1275
1277 1052 1278
1278 1279 1280
1280 1274 1277
1277 1278 1280
1281 1282 1283
1283 1276 1284
1284 1279 1281
1281 1283 1284
1275 1274 1280
1280 1279 1284
1284 1276 1275
1275 1280 1284
1285 1286 1287
1287 1288 1289
1289 1290 1285
1285 1287 1289
1291 1292 1293
1293 1294 1295
1295 1288 1291
1291 1293 1295
1296 1297 1298
1298 1290 1299
1299 1294 1296
1296 1298 1299
1289 1288 1295
1295 1294 1299
1299 1290 1289
1289 1295 1299
1300 1301 1302
1302 1303 1304
1304 1305 1300
1300 1302 1304
1306 327 326
326 331 1307
1307 1303 1306
1306 326 1307
977 317 1308
1308 1305 1309
1309 331 977
977 1308 1309
1304 1303 1307
1307 331 1309
1309 1305 1304
1304 1307 1309
1310 1311 1312
1312 1313 1314
1314 1315 1310
1310 1312 1314
1316 1317 1318
1318 1319 1320
1320 1313 1316
1316 1318 1320
1321 1322 1323
1323 1315 1324
1324 1319 1321
1321 1323 1324
1314 1313 1320
1320 1319 1324
1324 1315 1314
1314 1320 1324
1325 1317 1326
1326 1327 1328
1328 1329 1325
1325 1326 1328
1330 1331 1332
1332 1333 1334
1334 1327 1330
1330 1332 1334
1335 1336 1337
1337 1329 1338
1338 1333 1335
1335 1337 1338
1328 1327 1334
1334 1333 1338
1338 1329 1328
1328 1334 1338
1339 1340 1341
1341 1342 1343
1343 1344 1339
1339 1341 1343
1345 997 1346
1346 1347 1348
1348 1342 1345
1345 1346 1348
1349 1350 1351
1351 1344 1352
1352 1347 1349
1349 1351 1352
1343 1342 1348
1348 1347 1352
1352 1344 1343
1343 1348 1352
1353 1354 1355
1354 1356 1355
1355 1357 1358
1353 1355 1358
1353 1359 1360
1359 1361 1360
1360 1356 1354
1353 1360 1354
1362 1363 1364
1364 1365 1366
1366 1356 1362
1362 1364 1366
1355 1356 1366
1366 1365 1367
1367 1357 1355
1355 1366 1367
1368 1369 1370
1370 1371 1372
1372 1373 1368
1368 1370 1372
1374 1375 1376
1376 1377 1378
1378 1371 1374
1374 1376 1378
1379 1380 1381
1381 1373 1382
1382 1377 1379
1379 1381 1382
1372 1371 1378
1378 1377 1382
1382 1373 1372
1372 1378 1382
1044 1043 1383
1383 1384 1385
1385 1045 1044
1044 1383 1385
1386 1008 1387
1387 1388 1389
1389 1384 1386
1386 1387 1389
1390 1048 1047
1047 1045 1391
1391 1388 1390
1390 1047 1391
1385 1384 1389
1389 1388 1391
1391 1045 1385
1385 1389 1391
1392 1375 1393
1393 1394 1395
1395 1396 1392
1392 1393 1395
1397 1398 1399
1399 1400 1401
1401 1394 1397
1397 1399 1401
1402 1403 1404
1404 1396 1405
1405 1400 1402
1402 1404 1405
1395 1394 1401
1401 1400 1405
1405 1396 1395
1395 1401 1405
1406 1407 1408
1407 1365 1408
1408 1409 1410
1406 1408 1410
1406 1411 1367
1411 1357 1367
1367 1365 1407
1406 1367 1407
1364 1363 1412
1412 1413 1414
1414 1365 1364
1364 1412 1414
1408 1365 1414
1414 1413 1415
1415 1409 1408
1408 1414 1415
1416 1417 1418
1418 1419 1420
1420 1421 1416
1416 1418 1420
1422 1423 1424
1424 1425 1426
1426 1419 1422
1422 1424 1426
1427 1428 1429
1429 1421 1430
1430 1425 1427
1427 1429 1430
1420 1419 1426
1426 1425 1430
1430 1421 1420
1420 1426 1430
1431 1028 1432
1432 1433 1434
1434 1435 1431
1431 1432 1434
1436 1417 1416
1416 1421 1437
1437 1433 1436
1436 1416 1437
1429 1428 1438
1438 1435 1439
1439 1421 1429
1429 1438 1439
1434 1433 1437
1437 1421 1439
1439 1435 1434
1434 1437 1439
1440 1417 1441
1441 1442 1443
1443 1444 1440
1440 1441 1443
1445 1446 1447
1447 1448 1449
1449 1442 1445
1445 1447 1449
1450 1451 1452
1452 1444 1453
1453 1448 1450
1450 1452 1453
1443 1442 1449
1449 1448 1453
1453 1444 1443
1443 1449 1453
1454 1451 1455
1455 1456 1457
1457 1458 1454
1454 1455 1457
1459 1460 1461
1461 1462 1463
1463 1456 1459
1459 1461 1463
1464 1465 1466
1466 1458 1467
1467 1462 1464
1464 1466 1467
1457 1456 1463
1463 1462 1467
1467 1458 1457
1457 1463 1467
1468 1469 1470
1470 1471 1472
1472 1473 1468
1468 1470 1472
1474 1475 1476
1476 1477 1478
1478 1471 1474
1474 1476 1478
1479 1480 1481
1481 1473 1482
1482 1477 1479
1479 1481 1482
1472 1471 1478
1478 1477 1482
1482 1473 1472
1472 1478 1482
1483 1484 1485
1484 1486 1485
1485 1487 1488
1483 1485 1488
1483 1489 1490
1489 1409 1490
1490 1486 1484
1483 1490 1484
1491 1492 1493
1493 1494 1495
1495 1486 1491
1491 1493 1495
1485 1486 1495
1495 1494 1496
1496 1487 1485
1485 1495 1496
1497 1110 1498
1498 1499 1500
1500 1501 1497
1497 1498 1500
1502 1503 1504
1504 1505 1506
1506 1499 1502
1502 1504 1506
1507 1508 1509
1509 1501 1510
1510 1505 1507
1507 1509 1510
1500 1499 1506
1506 1505 1510
1510 1501 1500
1500 1506 1510
1511 1153 1152
1152 1157 1512
1512 1513 1511
1511 1152 1512
1165 1164 1514
1514 1515 1516
1516 1157 1165
1165 1514 1516
1517 1518 1519
1519 1513 1520
1520 1515 1517
1517 1519 1520
1512 1157 1516
1516 1515 1520
1520 1513 1512
1512 1516 1520
1521 1522 1523
1523 1524 1525
1525 1526 1521
1521 1523 1525
1527 1528 1529
1529 1530 1531
1531 1524 1527
1527 1529 1531
1532 1508 1533
1533 1526 1534
1534 1530 1532
1532 1533 1534
1525 1524 1531
1531 1530 1534
1534 1526 1525
1525 1531 1534
1535 1487 1536
1536 1537 1538
1538 1539 1535
1535 1536 1538
1540 1164 1163
1163 1161 1541
1541 1537 1540
1540 1163 1541
1160 1159 1542
1542 1539 1543
1543 1161 1160
1160 1542 1543
1538 1537 1541
1541 1161 1543
1543 1539 1538
1538 1541 1543
516 504 502
502 501 1544
1544 511 516
516 502 1544
505 79 688
688 687 1545
1545 501 505
505 688 1545
689 393 513
513 511 1546
1546 687 689
689 513 1546
1544 501 1545
1545 687 1546
1546 511 1544
1544 1545 1546
1547 1164 1548
1548 1549 1550
1550 1551 1547
1547 1548 1550
1552 1492 1553
1553 1554 1555
1555 1549 1552
1552 1553 1555
1556 1557 1558
1558 1551 1559
1559 1554 1556
1556 1558 1559
1550 1549 1555
1555 1554 1559
1559 1551 1550
1550 1555 1559
1560 1106 1561
1561 1562 1563
1563 1564 1560
1560 1561 1563
1565 1566 1567
1567 1568 1569
1569 1562 1565
1565 1567 1569
1570 1528 1571
1571 1564 1572
1572 1568 1570
1570 1571 1572
1563 1562 1569
1569 1568 1572
1572 1564 1563
1563 1569 1572
1536 1487 1496
1496 1494 1573
1573 1537 1536
1536 1496 1573
1493 1492 1552
1552 1549 1574
1574 1494 1493
1493 1552 1574
1548 1164 1540
1540 1537 1575
1575 1549 1548
1548 1540 1575
1573 1494 1574
1574 1549 1575
1575 1537 1573
1573 1574 1575
1553 1492 1576
1576 1577 1578
1578 1554 1553
1553 1576 1578
1579 1580 1581
1581 1582 1583
1583 1577 1579
1579 1581 1583
1584 1557 1556
1556 1554 1585
1585 1582 1584
1584 1556 1585
1578 1577 1583
1583 1582 1585
1585 1554 1578
1578 1583 1585
1490 1409 1415
1415 1413 1586
1586 1486 1490
1490 1415 1586
1412 1363 1587
1587 1588 1589
1589 1413 1412
1412 1587 1589
1590 1492 1491
1491 1486 1591
1591 1588 1590
1590 1491 1591
1586 1413 1589
1589 1588 1591
1591 1486 1586
1586 1589 1591
900 146 924
924 922 1592
1592 896 900
900 924 1592
926 927 1593
1593 1594 1595
1595 922 926
926 1593 1595
1596 905 903
903 896 1597
1597 1594 1596
1596 903 1597
1592 922 1595
1595 1594 1597
1597 896 1592
1592 1595 1597
1598 1599 1600
1599 1601 1600
1600 1357 1602
1598 1600 1602
1598 1603 1604
1603 1263 1604
1604 1601 1599
1598 1604 1599
1353 1605 1606
1605 1601 1606
1606 1361 1359
1353 1606 1359
1600 1601 1605
1605 1353 1358
1358 1357 1600
1600 1605 1358
1607 1361 1608
1608 1609 1610
1610 1611 1607
1607 1608 1610
1612 1257 1613
1613 1614 1615
1615 1609 1612
1612 1613 1615
1616 103 1617
1617 1611 1618
1618 1614 1616
1616 1617 1618
1610 1609 1615
1615 1614 1618
1618 1611 1610
1610 1615 1618
1619 1268 1620
1620 1621 1622
1622 1623 1619
1619 1620 1622
1624 1159 1158
1158 1155 1625
1625 1621 1624
1624 1158 1625
1154 1153 1626
1626 1623 1627
1627 1155 1154
1154 1626 1627
1622 1621 1625
1625 1155 1627
1627 1623 1622
1622 1625 1627
1259 1628 1629
1628 1609 1629
1629 1263 1262
1259 1629 1262
1258 1257 1612
1612 1609 1628
1628 1259 1258
1258 1612 1628
1608 1361 1606
1606 1601 1630
1630 1609 1608
1608 1606 1630
1629 1609 1630
1630 1601 1604
1604 1263 1629
1629 1630 1604
1631 34 1632
1632 1633 1634
1634 1635 1631
1631 1632 1634
1636 1110 1109
1109 1114 1637
1637 1633 1636
1636 1109 1637
1122 1121 1638
1638 1635 1639
1639 1114 1122
1122 1638 1639
1634 1633 1637
1637 1114 1639
1639 1635 1634
1634 1637 1639
1623 1640 1641
1640 1642 1641
1641 1268 1619
1623 1641 1619
1626 1153 1643
1643 1642 1640
1640 1623 1626
1626 1643 1640
1644 1257 1256
1256 1261 1645
1645 1642 1644
1644 1256 1645
1261 1269 1641
1269 1268 1641
1641 1642 1645
1261 1641 1645
1529 1528 1570
1570 1568 1646
1646 1530 1529
1529 1570 1646
1567 1566 1647
1647 1648 1649
1649 1568 1567
1567 1647 1649
1650 1508 1532
1532 1530 1651
1651 1648 1650
1650 1532 1651
1646 1568 1649
1649 1648 1651
1651 1530 1646
1646 1649 1651
1652 1180 1179
1179 1177 1653
1653 1654 1652
1652 1179 1653
1176 1149 1170
1170 1168 1655
1655 1177 1176
1176 1170 1655
1167 1125 1656
1656 1654 1657
1657 1168 1167
1167 1656 1657
1653 1177 1655
1655 1168 1657
1657 1654 1653
1653 1655 1657
1187 1138 1184
1184 1182 1658
1658 1188 1187
1187 1184 1658
1181 1180 1659
1659 1660 1661
1661 1182 1181
1181 1659 1661
1662 1192 1191
1191 1188 1663
1663 1660 1662
1662 1191 1663
1658 1182 1661
1661 1660 1663
1663 1188 1658
1658 1661 1663
1561 1106 1105
1105 1103 1664
1664 1562 1561
1561 1105 1664
1102 990 1665
1665 1666 1667
1667 1103 1102
1102 1665 1667
1668 1566 1565
1565 1562 1669
1669 1666 1668
1668 1565 1669
1664 1103 1667
1667 1666 1669
1669 1562 1664
1664 1667 1669
1201 1197 1196
1196 1194 1670
1670 1202 1201
1201 1196 1670
1193 1192 1671
1671 1672 1673
1673 1194 1193
1193 1671 1673
1674 1206 1205
1205 1202 1675
1675 1672 1674
1674 1205 1675
1670 1194 1673
1673 1672 1675
1675 1202 1670
1670 1673 1675
1097 1096 1134
1134 1132 1676
1676 1098 1097
1097 1134 1676
1131 979 978
978 983 1677
1677 1132 1131
1131 978 1677
991 990 1101
1101 1098 1678
1678 983 991
991 1101 1678
1676 1132 1677
1677 983 1678
1678 1098 1676
1676 1677 1678
1679 1680 1681
1681 1682 1683
1683 1684 1679
1679 1681 1683
1685 1686 1687
1687 1688 1689
1689 1682 1685
1685 1687 1689
1690 985 1691
1691 1684 1692
1692 1688 1690
1690 1691 1692
1683 1682 1689
1689 1688 1692
1692 1684 1683
1683 1689 1692
1693 1211 1210
1210 1208 1694
1694 1695 1693
1693 1210 1694
1207 1206 1696
1696 1697 1698
1698 1208 1207
1207 1696 1698
1699 1700 1701
1701 1695 1702
1702 1697 1699
1699 1701 1702
1694 1208 1698
1698 1697 1702
1702 1695 1694
1694 1698 1702
1703 202 214
214 218 1704
1704 1705 1703
1703 214 1704
226 225 1706
1706 1707 1708
1708 218 226
226 1706 1708
1709 1518 1710
1710 1705 1711
1711 1707 1709
1709 1710 1711
1704 218 1708
1708 1707 1711
1711 1705 1704
1704 1708 1711
1093 1092 1712
1712 1713 1714
1714 1086 1093
1093 1712 1714
1715 1700 1716
1716 1717 1718
1718 1713 1715
1715 1716 1718
1719 1082 1081
1081 1086 1720
1720 1717 1719
1719 1081 1720
1714 1713 1718
1718 1717 1720
1720 1086 1714
1714 1718 1720
1721 1722 1723
1723 1724 1725
1725 1726 1721
1721 1723 1725
1727 64 1728
1728 1729 1730
1730 1724 1727
1727 1728 1730
1731 1686 1732
1732 1726 1733
1733 1729 1731
1731 1732 1733
1725 1724 1730
1730 1729 1733
1733 1726 1725
1725 1730 1733
1734 1735 1736
1736 1737 1738
1738 1739 1734
1734 1736 1738
1740 1073 1087
1087 1084 1741
1741 1737 1740
1740 1087 1741
1083 1082 1742
1742 1739 1743
1743 1084 1083
1083 1742 1743
1738 1737 1741
1741 1084 1743
1743 1739 1738
1738 1741 1743
1235 1067 1744
1744 1745 1746
1746 1236 1235
1235 1744 1746
1747 1748 1749
1749 1750 1751
1751 1745 1747
1747 1749 1751
1752 1239 1238
1238 1236 1753
1753 1750 1752
1752 1238 1753
1746 1745 1751
1751 1750 1753
1753 1236 1746
1746 1751 1753
1754 1248 1755
1755 1756 1757
1757 1758 1754
1754 1755 1757
1759 1735 1760
1760 1761 1762
1762 1756 1759
1759 1760 1762
1763 1764 1765
1765 1758 1766
1766 1761 1763
1763 1765 1766
1757 1756 1762
1762 1761 1766
1766 1758 1757
1757 1762 1766
1767 1768 1769
1769 1770 1771
1771 1772 1767
1767 1769 1771
1773 1774 1775
1775 1776 1777
1777 1770 1773
1773 1775 1777
1778 1764 1779
1779 1772 1780
1780 1776 1778
1778 1779 1780
1771 1770 1777
1777 1776 1780
1780 1772 1771
1771 1777 1780
1781 1211 1693
1693 1695 1782
1782 1783 1781
1781 1693 1782
1701 1700 1715
1715 1713 1784
1784 1695 1701
1701 1715 1784
1712 1092 1785
1785 1783 1786
1786 1713 1712
1712 1785 1786
1782 1695 1784
1784 1713 1786
1786 1783 1782
1782 1784 1786
1787 167 166
166 163 1788
1788 1789 1787
1787 166 1788
162 161 1790
1790 1791 1792
1792 163 162
162 1790 1792
1793 1257 1794
1794 1789 1795
1795 1791 1793
1793 1794 1795
1788 163 1792
1792 1791 1795
1795 1789 1788
1788 1792 1795
1796 1797 1798
1798 1799 1800
1800 1801 1796
1796 1798 1800
1802 1803 1804
1804 1805 1806
1806 1799 1802
1802 1804 1806
1807 1768 1808
1808 1801 1809
1809 1805 1807
1807 1808 1809
1800 1799 1806
1806 1805 1809
1809 1801 1800
1800 1806 1809
1810 1272 1271
1271 1276 1811
1811 1812 1810
1810 1271 1811
1283 1282 1813
1813 1814 1815
1815 1276 1283
1283 1813 1815
1816 1797 1817
1817 1812 1818
1818 1814 1816
1816 1817 1818
1811 1276 1815
1815 1814 1818
1818 1812 1811
1811 1815 1818
1819 1073 1740
1740 1737 1820
1820 1821 1819
1819 1740 1820
1736 1735 1759
1759 1756 1822
1822 1737 1736
1736 1759 1822
1755 1248 1823
1823 1821 1824
1824 1756 1755
1755 1823 1824
1820 1737 1822
1822 1756 1824
1824 1821 1820
1820 1822 1824
1825 1058 1057
1057 1054 1826
1826 1827 1825
1825 1057 1826
1053 1052 1277
1277 1274 1828
1828 1054 1053
1053 1277 1828
1273 1272 1829
1829 1827 1830
1830 1274 1273
1273 1829 1830
1826 1054 1828
1828 1274 1830
1830 1827 1826
1826 1828 1830
1765 1764 1778
1778 1776 1831
1831 1758 1765
1765 1778 1831
1775 1774 1832
1832 1833 1834
1834 1776 1775
1775 1832 1834
1835 1248 1754
1754 1758 1836
1836 1833 1835
1835 1754 1836
1831 1776 1834
1834 1833 1836
1836 1758 1831
1831 1834 1836
1837 1063 1062
1062 1060 1838
1838 1839 1837
1837 1062 1838
1059 1058 1840
1840 1841 1842
1842 1060 1059
1059 1840 1842
1843 1844 1845
1845 1839 1846
1846 1841 1843
1843 1845 1846
1838 1060 1842
1842 1841 1846
1846 1839 1838
1838 1842 1846
1769 1768 1807
1807 1805 1847
1847 1770 1769
1769 1807 1847
1804 1803 1848
1848 1849 1850
1850 1805 1804
1804 1848 1850
1851 1774 1773
1773 1770 1852
1852 1849 1851
1851 1773 1852
1847 1805 1850
1850 1849 1852
1852 1770 1847
1847 1850 1852
1323 1322 1853
1853 1854 1855
1855 1315 1323
1323 1853 1855
1856 1844 1857
1857 1858 1859
1859 1854 1856
1856 1857 1859
1860 1311 1310
1310 1315 1861
1861 1858 1860
1860 1310 1861
1855 1854 1859
1859 1858 1861
1861 1315 1855
1855 1859 1861
1798 1797 1816
1816 1814 1862
1862 1799 1798
1798 1816 1862
1813 1282 1863
1863 1864 1865
1865 1814 1813
1813 1863 1865
1866 1803 1802
1802 1799 1867
1867 1864 1866
1866 1802 1867
1862 1814 1865
1865 1864 1867
1867 1799 1862
1862 1865 1867
722 118 117
117 122 1868
1868 720 722
722 117 1868
129 109 1869
1869 1870 1871
1871 122 129
129 1869 1871
1872 161 721
721 720 1873
1873 1870 1872
1872 721 1873
1868 122 1871
1871 1870 1873
1873 720 1868
1868 1871 1873
1874 1331 1330
1330 1327 1875
1875 1876 1874
1874 1330 1875
1326 1317 1316
1316 1313 1877
1877 1327 1326
1326 1316 1877
1312 1311 1878
1878 1876 1879
1879 1313 1312
1312 1878 1879
1875 1327 1877
1877 1313 1879
1879 1876 1875
1875 1877 1879
1880 1292 1291
1291 1288 1881
1881 1882 1880
1880 1291 1881
1287 1286 1883
1883 1884 1885
1885 1288 1287
1287 1883 1885
1886 1887 1888
1888 1882 1889
1889 1884 1886
1886 1888 1889
1881 1288 1885
1885 1884 1889
1889 1882 1881
1881 1885 1889
1890 1336 1335
1335 1333 1891
1891 1892 1890
1890 1335 1891
1332 1331 1893
1893 1894 1895
1895 1333 1332
1332 1893 1895
1896 1897 1898
1898 1892 1899
1899 1894 1896
1896 1898 1899
1891 1333 1895
1895 1894 1899
1899 1892 1891
1891 1895 1899
1351 1350 1900
1900 1901 1902
1902 1344 1351
1351 1900 1902
1903 1897 1904
1904 1905 1906
1906 1901 1903
1903 1904 1906
1907 1340 1339
1339 1344 1908
1908 1905 1907
1907 1339 1908
1902 1901 1906
1906 1905 1908
1908 1344 1902
1902 1906 1908
1909 1063 1837
1837 1839 1910
1910 1911 1909
1909 1837 1910
1845 1844 1856
1856 1854 1912
1912 1839 1845
1845 1856 1912
1853 1322 1913
1913 1911 1914
1914 1854 1853
1853 1913 1914
1910 1839 1912
1912 1854 1914
1914 1911 1910
1910 1912 1914
1915 1322 1916
1916 1917 1918
1918 1919 1915
1915 1916 1918
1920 1921 1922
1922 1923 1924
1924 1917 1920
1920 1922 1924
1925 1297 1926
1926 1919 1927
1927 1923 1925
1925 1926 1927
1918 1917 1924
1924 1923 1927
1927 1919 1918
1918 1924 1927
1928 1003 1002
1002 999 1929
1929 1930 1928
1928 1002 1929
998 997 1345
1345 1342 1931
1931 999 998
998 1345 1931
1341 1340 1932
1932 1930 1933
1933 1342 1341
1341 1932 1933
1929 999 1931
1931 1342 1933
1933 1930 1929
1929 1931 1933
1934 1935 1936
1936 1937 1938
1938 1939 1934
1934 1936 1938
1940 1361 1607
1607 1611 1941
1941 1937 1940
1940 1607 1941
1617 103 1942
1942 1939 1943
1943 1611 1617
1617 1942 1943
1938 1937 1941
1941 1611 1943
1943 1939 1938
1938 1941 1943
1944 1008 1007
1007 1005 1945
1945 1946 1944
1944 1007 1945
1004 1003 1947
1947 1948 1949
1949 1005 1004
1004 1947 1949
1950 1951 1952
1952 1946 1953
1953 1948 1950
1950 1952 1953
1945 1005 1949
1949 1948 1953
1953 1946 1945
1945 1949 1953
1381 1380 1954
1954 1955 1956
1956 1373 1381
1381 1954 1956
1957 1951 1958
1958 1959 1960
1960 1955 1957
1957 1958 1960
1961 1369 1368
1368 1373 1962
1962 1959 1961
1961 1368 1962
1956 1955 1960
1960 1959 1962
1962 1373 1956
1956 1960 1962
1963 1336 1890
1890 1892 1964
1964 1965 1963
1963 1890 1964
1898 1897 1903
1903 1901 1966
1966 1892 1898
1898 1903 1966
1900 1350 1967
1967 1965 1968
1968 1901 1900
1900 1967 1968
1964 1892 1966
1966 1901 1968
1968 1965 1964
1964 1966 1968
1009 1008 1386
1386 1384 1969
1969 1001 1009
1009 1386 1969
1383 1043 1970
1970 1971 1972
1972 1384 1383
1383 1970 1972
1973 997 996
996 1001 1974
1974 1971 1973
1973 996 1974
1969 1384 1972
1972 1971 1974
1974 1001 1969
1969 1972 1974
1975 1398 1397
1397 1394 1976
1976 1977 1975
1975 1397 1976
1393 1375 1374
1374 1371 1978
1978 1394 1393
1393 1374 1978
1370 1369 1979
1979 1977 1980
1980 1371 1370
1370 1979 1980
1976 1394 1978
1978 1371 1980
1980 1977 1976
1976 1978 1980
1981 1043 1042
1042 1039 1982
1982 1983 1981
1981 1042 1982
1038 1037 1984
1984 1985 1986
1986 1039 1038
1038 1984 1986
1987 1988 1989
1989 1983 1990
1990 1985 1987
1987 1989 1990
1982 1039 1986
1986 1985 1990
1990 1983 1982
1982 1986 1990
1991 1403 1402
1402 1400 1992
1992 1993 1991
1991 1402 1992
1399 1398 1994
1994 1995 1996
1996 1400 1399
1399 1994 1996
1997 1998 1999
1999 1993 2000
2000 1995 1997
1997 1999 2000
1992 1400 1996
1996 1995 2000
2000 1993 1992
1992 1996 2000
1034 1033 2001
2001 2002 2003
2003 1026 1034
1034 2001 2003
2004 1998 2005
2005 2006 2007
2007 2002 2004
2004 2005 2007
2008 1022 1021
1021 1026 2009
2009 2006 2008
2008 1021 2009
2003 2002 2007
2007 2006 2009
2009 1026 2003
2003 2007 2009
2010 1008 1944
1944 1946 2011
2011 2012 2010
2010 1944 2011
1952 1951 1957
1957 1955 2013
2013 1946 1952
1952 1957 2013
1954 1380 2014
2014 2012 2015
2015 1955 1954
1954 2014 2015
2011 1946 2013
2013 1955 2015
2015 2012 2011
2011 2013 2015
2016 997 1973
1973 1971 2017
2017 2018 2016
2016 1973 2017
1970 1043 1981
1981 1983 2019
2019 1971 1970
1970 1981 2019
1989 1988 2020
2020 2018 2021
2021 1983 1989
1989 2020 2021
2017 1971 2019
2019 1983 2021
2021 2018 2017
2017 2019 2021
2022 2023 2024
2024 2025 2026
2026 2027 2022
2022 2024 2026
2028 1028 1027
1027 1024 2029
2029 2025 2028
2028 1027 2029
1023 1022 2030
2030 2027 2031
2031 1024 1023
1023 2030 2031
2026 2025 2029
2029 1024 2031
2031 2027 2026
2026 2029 2031
2032 1048 2033
2033 2034 2035
2035 2036 2032
2032 2033 2035
2037 1380 2038
2038 2039 2040
2040 2034 2037
2037 2038 2040
2041 2042 2043
2043 2036 2044
2044 2039 2041
2041 2043 2044
2035 2034 2040
2040 2039 2044
2044 2036 2035
2035 2040 2044
2045 1446 2046
2046 2047 2048
2048 2049 2045
2045 2046 2048
2050 2023 2051
2051 2052 2053
2053 2047 2050
2050 2051 2053
2054 2055 2056
2056 2049 2057
2057 2052 2054
2054 2056 2057
2048 2047 2053
2053 2052 2057
2057 2049 2048
2048 2053 2057
2058 2059 2060
2060 2061 2062
2062 2063 2058
2058 2060 2062
2064 1460 2065
2065 2066 2067
2067 2061 2064
2064 2065 2067
2068 2055 2069
2069 2063 2070
2070 2066 2068
2068 2069 2070
2062 2061 2067
2067 2066 2070
2070 2063 2062
2062 2067 2070
2071 1403 1991
1991 1993 2072
2072 2073 2071
2071 1991 2072
1999 1998 2004
2004 2002 2074
2074 1993 1999
1999 2004 2074
2001 1033 2075
2075 2073 2076
2076 2002 2001
2001 2075 2076
2072 1993 2074
2074 2002 2076
2076 2073 2072
2072 2074 2076
699 552 550
550 546 2077
2077 694 699
699 550 2077
548 152 748
748 744 2078
2078 546 548
548 748 2078
746 542 696
696 694 2079
2079 744 746
746 696 2079
2077 546 2078
2078 744 2079
2079 694 2077
2077 2078 2079
2080 2081 2082
2082 2083 2084
2084 2085 2080
2080 2082 2084
2086 2087 2088
2088 2089 2090
2090 2083 2086
2086 2088 2090
2091 2059 2092
2092 2085 2093
2093 2089 2091
2091 2092 2093
2084 2083 2090
2090 2089 2093
2093 2085 2084
2084 2090 2093
2094 2095 2096
2096 2097 2098
2098 2099 2094
2094 2096 2098
2100 2101 2102
2102 2103 2104
2104 2097 2100
2100 2102 2104
2105 2081 2106
2106 2099 2107
2107 2103 2105
2105 2106 2107
2098 2097 2104
2104 2103 2107
2107 2099 2098
2098 2104 2107
2108 1028 2028
2028 2025 2109
2109 2110 2108
2108 2028 2109
2024 2023 2050
2050 2047 2111
2111 2025 2024
2024 2050 2111
2046 1446 2112
2112 2110 2113
2113 2047 2046
2046 2112 2113
2109 2025 2111
2111 2047 2113
2113 2110 2109
2109 2111 2113
2114 2115 2116
2116 2117 2118
2118 2119 2114
2114 2116 2118
2120 2121 2122
2122 2123 2124
2124 2117 2120
2120 2122 2124
2125 2095 2126
2126 2119 2127
2127 2123 2125
2125 2126 2127
2118 2117 2124
2124 2123 2127
2127 2119 2118
2118 2124 2127
2056 2055 2068
2068 2066 2128
2128 2049 2056
2056 2068 2128
2065 1460 2129
2129 2130 2131
2131 2066 2065
2065 2129 2131
2132 1446 2045
2045 2049 2133
2133 2130 2132
2132 2045 2133
2128 2066 2131
2131 2130 2133
2133 2049 2128
2128 2131 2133
2134 2135 2136
2136 2137 2138
2138 2139 2134
2134 2136 2138
2140 1480 2141
2141 2142 2143
2143 2137 2140
2140 2141 2143
2144 2115 2145
2145 2139 2146
2146 2142 2144
2144 2145 2146
2138 2137 2143
2143 2142 2146
2146 2139 2138
2138 2143 2146
2060 2059 2091
2091 2089 2147
2147 2061 2060
2060 2091 2147
2088 2087 2148
2148 2149 2150
2150 2089 2088
2088 2148 2150
2151 1460 2064
2064 2061 2152
2152 2149 2151
2151 2064 2152
2147 2089 2150
2150 2149 2152
2152 2061 2147
2147 2150 2152
2153 2154 2155
2155 2156 2157
2157 2158 2153
2153 2155 2157
2159 1469 2160
2160 2161 2162
2162 2156 2159
2159 2160 2162
2163 2135 2164
2164 2158 2165
2165 2161 2163
2163 2164 2165
2157 2156 2162
2162 2161 2165
2165 2158 2157
2157 2162 2165
2082 2081 2105
2105 2103 2166
2166 2083 2082
2082 2105 2166
2102 2101 2167
2167 2168 2169
2169 2103 2102
2102 2167 2169
2170 2087 2086
2086 2083 2171
2171 2168 2170
2170 2086 2171
2166 2103 2169
2169 2168 2171
2171 2083 2166
2166 2169 2171
2172 25 809
809 807 2173
2173 2174 2172
2172 809 2173
811 347 2175
2175 2176 2177
2177 807 811
811 2175 2177
2178 8 2179
2179 2174 2180
2180 2176 2178
2178 2179 2180
2173 807 2177
2177 2176 2180
2180 2174 2173
2173 2177 2180
2096 2095 2125
2125 2123 2181
2181 2097 2096
2096 2125 2181
2122 2121 2182
2182 2183 2184
2184 2123 2122
2122 2182 2184
2185 2101 2100
2100 2097 2186
2186 2183 2185
2185 2100 2186
2181 2123 2184
2184 2183 2186
2186 2097 2181
2181 2184 2186
2187 2188 2189
2189 2190 2191
2191 2192 2187
2187 2189 2191
2193 2194 2195
2195 2196 2197
2197 2190 2193
2193 2195 2197
2198 2154 2199
2199 2192 2200
2200 2196 2198
2198 2199 2200
2191 2190 2197
2197 2196 2200
2200 2192 2191
2191 2197 2200
2116 2115 2144
2144 2142 2201
2201 2117 2116
2116 2144 2201
2141 1480 2202
2202 2203 2204
2204 2142 2141
2141 2202 2204
2205 2121 2120
2120 2117 2206
2206 2203 2205
2205 2120 2206
2201 2142 2204
2204 2203 2206
2206 2117 2201
2201 2204 2206
2207 1518 1517
1517 1515 2208
2208 2209 2207
2207 1517 2208
1514 1164 1547
1547 1551 2210
2210 1515 1514
1514 1547 2210
1558 1557 2211
2211 2209 2212
2212 1551 1558
1558 2211 2212
2208 1515 2210
2210 1551 2212
2212 2209 2208
2208 2210 2212
2136 2135 2163
2163 2161 2213
2213 2137 2136
2136 2163 2213
2160 1469 1468
1468 1473 2214
2214 2161 2160
2160 1468 2214
1481 1480 2140
2140 2137 2215
2215 1473 1481
1481 2140 2215
2213 2161 2214
2214 1473 2215
2215 2137 2213
2213 2214 2215
2216 2217 2218
2218 2219 2220
2220 2221 2216
2216 2218 2220
2222 2188 2223
2223 2224 2225
2225 2219 2222
2222 2223 2225
2226 2227 2228
2228 2221 2229
2229 2224 2226
2226 2228 2229
2220 2219 2225
2225 2224 2229
2229 2221 2220
2220 2225 2229
2155 2154 2198
2198 2196 2230
2230 2156 2155
2155 2198 2230
2195 2194 2231
2231 2232 2233
2233 2196 2195
2195 2231 2233
2234 1469 2159
2159 2156 2235
2235 2232 2234
2234 2159 2235
2230 2196 2233
2233 2232 2235
2235 2156 2230
2230 2233 2235
2236 2237 2238
2238 2239 2240
2240 2241 2236
2236 2238 2240
2242 2227 2243
2243 2244 2245
2245 2239 2242
2242 2243 2245
2246 1522 2247
2247 2241 2248
2248 2244 2246
2246 2247 2248
2240 2239 2245
2245 2244 2248
2248 2241 2240
2240 2245 2248
2249 2194 2193
2193 2190 2250
2250 2251 2249
2249 2193 2250
2189 2188 2222
2222 2219 2252
2252 2190 2189
2189 2222 2252
2218 2217 2253
2253 2251 2254
2254 2219 2218
2218 2253 2254
2250 2190 2252
2252 2219 2254
2254 2251 2250
2250 2252 2254
1533 1508 2255
2255 2256 2257
2257 1526 1533
1533 2255 2257
2258 2237 2236
2236 2241 2259
2259 2256 2258
2258 2236 2259
2247 1522 1521
1521 1526 2260
2260 2241 2247
2247 1521 2260
2257 2256 2259
2259 2241 2260
2260 1526 2257
2257 2259 2260
2261 2217 2216
2216 2221 2262
2262 2263 2261
2261 2216 2262
2228 2227 2242
2242 2239 2264
2264 2221 2228
2228 2242 2264
2238 2237 2265
2265 2263 2266
2266 2239 2238
2238 2265 2266
2262 2221 2264
2264 2239 2266
2266 2263 2262
2262 2264 2266
2267 1475 2268
2268 2269 2270
2270 2271 2267
2267 2268 2270
2272 2273 2274
2274 2275 2276
2276 2269 2272
2272 2274 2276
2277 2278 2279
2279 2271 2280
2280 2275 2277
2277 2279 2280
2270 2269 2276
2276 2275 2280
2280 2271 2270
2270 2276 2280
1587 1363 2281
2281 2282 2283
2283 1588 1587
1587 2281 2283
2284 1580 1579
1579 1577 2285
2285 2282 2284
2284 1579 2285
1576 1492 1590
1590 1588 2286
2286 1577 1576
1576 1590 2286
2283 2282 2285
2285 1577 2286
2286 1588 2283
2283 2285 2286
2112 1446 1445
1445 1442 2287
2287 2110 2112
2112 1445 2287
1441 1417 1436
1436 1433 2288
2288 1442 1441
1441 1436 2288
1432 1028 2108
2108 2110 2289
2289 1433 1432
1432 2108 2289
2287 1442 2288
2288 1433 2289
2289 2110 2287
2287 2288 2289
115 114 2290
2290 2291 2292
2292 107 115
115 2290 2292
2293 1935 1934
1934 1939 2294
2294 2291 2293
2293 1934 2294
1942 103 102
102 107 2295
2295 1939 1942
1942 102 2295
2292 2291 2294
2294 1939 2295
2295 107 2292
2292 2294 2295
1318 1317 2296
2296 2297 2298
2298 1319 1318
1318 2296 2298
2299 1921 1920
1920 1917 2300
2300 2297 2299
2299 1920 2300
1916 1322 1321
1321 1319 2301
2301 1917 1916
1916 1321 2301
2298 2297 2300
2300 1917 2301
2301 1319 2298
2298 2300 2301
1794 1257 1644
1644 1642 2302
2302 1789 1794
1794 1644 2302
1643 1153 1220
1220 1224 2303
2303 1642 1643
1643 1220 2303
1230 167 1787
1787 1789 2304
2304 1224 1230
1230 1787 2304
2302 1642 2303
2303 1224 2304
2304 1789 2302
2302 2303 2304
1509 1508 1650
1650 1648 2305
2305 1501 1509
1509 1650 2305
1647 1566 2306
2306 2307 2308
2308 1648 1647
1647 2306 2308
2309 1110 1497
1497 1501 2310
2310 2307 2309
2309 1497 2310
2305 1648 2308
2308 2307 2310
2310 1501 2305
2305 2308 2310
2311 2273 2272
2272 2269 2312
2312 2313 2311
2311 2272 2312
2268 1475 2314
2314 2315 2316
2316 2269 2268
2268 2314 2316
2317 2318 2319
2319 2313 2320
2320 2315 2317
2317 2319 2320
2312 2269 2316
2316 2315 2320
2320 2313 2312
2312 2316 2320
2321 2322 2323
2323 2324 2325
2325 2326 2321
2321 2323 2325
2327 191 2328
2328 2329 2330
2330 2324 2327
2327 2328 2330
2331 1557 2332
2332 2326 2333
2333 2329 2331
2331 2332 2333
2325 2324 2330
2330 2329 2333
2333 2326 2325
2325 2330 2333
1665 990 2334
2334 2335 2336
2336 1666 1665
1665 2334 2336
2337 1116 2338
2338 2339 2340
2340 2335 2337
2337 2338 2340
2341 1566 1668
1668 1666 2342
2342 2339 2341
2341 1668 2342
2336 2335 2340
2340 2339 2342
2342 1666 2336
2336 2340 2342
1171 1149 2343
2343 2344 2345
2345 1172 1171
1171 2343 2345
2346 1680 2347
2347 2348 2349
2349 2344 2346
2346 2347 2349
2350 979 1174
1174 1172 2351
2351 2348 2350
2350 1174 2351
2345 2344 2349
2349 2348 2351
2351 1172 2345
2345 2349 2351
2306 1566 2341
2341 2339 2352
2352 2307 2306
2306 2341 2352
2338 1116 1115
1115 1112 2353
2353 2339 2338
2338 1115 2353
1111 1110 2309
2309 2307 2354
2354 1112 1111
1111 2309 2354
2352 2339 2353
2353 1112 2354
2354 2307 2352
2352 2353 2354
1198 1197 2355
2355 2356 2357
2357 1190 1198
1198 2355 2357
2358 1144 1143
1143 1140 2359
2359 2356 2358
2358 1143 2359
1139 1138 1186
1186 1190 2360
2360 1140 1139
1139 1186 2360
2357 2356 2359
2359 1140 2360
2360 1190 2357
2357 2359 2360
2334 990 989
989 987 2361
2361 2335 2334
2334 989 2361
986 985 2362
2362 2363 2364
2364 987 986
986 2362 2364
2365 1116 2337
2337 2335 2366
2366 2363 2365
2365 2337 2366
2361 987 2364
2364 2363 2366
2366 2335 2361
2361 2364 2366
1212 1211 2367
2367 2368 2369
2369 1204 1212
1212 2367 2369
2370 2371 2372
2372 2373 2374
2374 2368 2370
2370 2372 2374
2375 1197 1200
1200 1204 2376
2376 2373 2375
2375 1200 2376
2369 2368 2374
2374 2373 2376
2376 1204 2369
2369 2374 2376
980 979 2350
2350 2348 2377
2377 981 980
980 2350 2377
2347 1680 1679
1679 1684 2378
2378 2348 2347
2347 1679 2378
1691 985 984
984 981 2379
2379 1684 1691
1691 984 2379
2377 2348 2378
2378 1684 2379
2379 981 2377
2377 2378 2379
1785 1092 1232
1232 1234 2380
2380 1783 1785
1785 1232 2380
1240 1239 2381
2381 2382 2383
2383 1234 1240
1240 2381 2383
2384 1211 1781
1781 1783 2385
2385 2382 2384
2384 1781 2385
2380 1234 2383
2383 2382 2385
2385 1783 2380
2380 2383 2385
2343 1149 1148
1148 1146 2386
2386 2344 2343
2343 1148 2386
1145 1144 2387
2387 2388 2389
2389 1146 1145
1145 2387 2389
2390 1680 2346
2346 2344 2391
2391 2388 2390
2390 2346 2391
2386 1146 2389
2389 2388 2391
2391 2344 2386
2386 2389 2391
2355 1197 2375
2375 2373 2392
2392 2356 2355
2355 2375 2392
2372 2371 2393
2393 2394 2395
2395 2373 2372
2372 2393 2395
2396 1144 2358
2358 2356 2397
2397 2394 2396
2396 2358 2397
2392 2373 2395
2395 2394 2397
2397 2356 2392
2392 2395 2397
1243 1078 1077
1077 1075 2398
2398 1244 1243
1243 1077 2398
1074 1073 1819
1819 1821 2399
2399 1075 1074
1074 1819 2399
1823 1248 1247
1247 1244 2400
2400 1821 1823
1823 1247 2400
2398 1075 2399
2399 1821 2400
2400 1244 2398
2398 2399 2400
2367 1211 2384
2384 2382 2401
2401 2368 2367
2367 2384 2401
2381 1239 2402
2402 2403 2404
2404 2382 2381
2381 2402 2404
2405 2371 2370
2370 2368 2406
2406 2403 2405
2405 2370 2406
2401 2382 2404
2404 2403 2406
2406 2368 2401
2401 2404 2406
2407 1253 1252
1252 1250 2408
2408 2409 2407
2407 1252 2408
1249 1248 1835
1835 1833 2410
2410 1250 1249
1249 1835 2410
1832 1774 2411
2411 2409 2412
2412 1833 1832
1832 2411 2412
2408 1250 2410
2410 1833 2412
2412 2409 2408
2408 2410 2412
221 220 2413
2413 2414 2415
2415 222 221
221 2413 2415
2416 182 436
436 434 2417
2417 2414 2416
2416 436 2417
438 225 224
224 222 2418
2418 434 438
438 224 2418
2415 2414 2417
2417 434 2418
2418 222 2415
2415 2417 2418
2419 1253 2407
2407 2409 2420
2420 2421 2419
2419 2407 2420
2411 1774 1851
1851 1849 2422
2422 2409 2411
2411 1851 2422
1848 1803 2423
2423 2421 2424
2424 1849 1848
1848 2423 2424
2420 2409 2422
2422 1849 2424
2424 2421 2420
2420 2422 2424
2425 287 2426
2426 2427 2428
2428 2429 2425
2425 2426 2428
2430 2431 2432
2432 2433 2434
2434 2427 2430
2430 2432 2434
2435 2436 2437
2437 2429 2438
2438 2433 2435
2435 2437 2438
2428 2427 2434
2434 2433 2438
2438 2429 2428
2428 2434 2438
2439 2440 2441
2441 2442 2443
2443 2444 2439
2439 2441 2443
2445 1803 1866
1866 1864 2446
2446 2442 2445
2445 1866 2446
1863 1282 2447
2447 2444 2448
2448 1864 1863
1863 2447 2448
2443 2442 2446
2446 1864 2448
2448 2444 2443
2443 2446 2448
666 267 660
660 659 2449
2449 665 666
666 660 2449
661 448 446
446 442 2450
2450 659 661
661 446 2450
444 187 667
667 665 2451
2451 442 444
444 667 2451
2449 659 2450
2450 442 2451
2451 665 2449
2449 2450 2451
1278 1052 2452
2452 2453 2454
2454 1279 1278
1278 2452 2454
2455 1887 2456
2456 2457 2458
2458 2453 2455
2455 2456 2458
2459 1282 1281
1281 1279 2460
2460 2457 2459
2459 1281 2460
2454 2453 2458
2458 2457 2460
2460 1279 2454
2454 2458 2460
1064 1063 2461
2461 2462 2463
2463 1056 1064
1064 2461 2463
2464 1292 2465
2465 2466 2467
2467 2462 2464
2464 2465 2467
2468 1052 1051
1051 1056 2469
2469 2466 2468
2468 1051 2469
2463 2462 2467
2467 2466 2469
2469 1056 2463
2463 2467 2469
2470 1253 2419
2419 2421 2471
2471 2472 2470
2470 2419 2471
2423 1803 2445
2445 2442 2473
2473 2421 2423
2423 2445 2473
2441 2440 2474
2474 2472 2475
2475 2442 2441
2441 2474 2475
2471 2421 2473
2473 2442 2475
2475 2472 2471
2471 2473 2475
1913 1322 1915
1915 1919 2476
2476 1911 1913
1913 1915 2476
1926 1297 2477
2477 2478 2479
2479 1919 1926
1926 2477 2479
2480 1063 1909
1909 1911 2481
2481 2478 2480
2480 1909 2481
2476 1919 2479
2479 2478 2481
2481 1911 2476
2476 2479 2481
2447 1282 2459
2459 2457 2482
2482 2444 2447
2447 2459 2482
2456 1887 2483
2483 2484 2485
2485 2457 2456
2456 2483 2485
2486 2440 2439
2439 2444 2487
2487 2484 2486
2486 2439 2487
2482 2457 2485
2485 2484 2487
2487 2444 2482
2482 2485 2487
1337 1336 2488
2488 2489 2490
2490 1329 1337
1337 2488 2490
2491 1921 2299
2299 2297 2492
2492 2489 2491
2491 2299 2492
2296 1317 1325
1325 1329 2493
2493 2297 2296
2296 1325 2493
2490 2489 2492
2492 2297 2493
2493 1329 2490
2490 2492 2493
2452 1052 2468
2468 2466 2494
2494 2453 2452
2452 2468 2494
2465 1292 1880
1880 1882 2495
2495 2466 2465
2465 1880 2495
1888 1887 2455
2455 2453 2496
2496 1882 1888
1888 2455 2496
2494 2466 2495
2495 1882 2496
2496 2453 2494
2494 2495 2496
2497 2498 2499
2499 2500 2501
2501 2502 2497
2497 2499 2501
2503 1336 1963
1963 1965 2504
2504 2500 2503
2503 1963 2504
1967 1350 2505
2505 2502 2506
2506 1965 1967
1967 2505 2506
2501 2500 2504
2504 1965 2506
2506 2502 2501
2501 2504 2506
2461 1063 2480
2480 2478 2507
2507 2462 2461
2461 2480 2507
2477 1297 1296
1296 1294 2508
2508 2478 2477
2477 1296 2508
1293 1292 2464
2464 2462 2509
2509 1294 1293
1293 2464 2509
2507 2478 2508
2508 1294 2509
2509 2462 2507
2507 2508 2509
318 317 976
976 335 2510
2510 311 318
318 976 2510
334 333 624
624 617 2511
2511 335 334
334 624 2511
621 307 306
306 311 2512
2512 617 621
621 306 2512
2510 335 2511
2511 617 2512
2512 311 2510
2510 2511 2512
1346 997 2016
2016 2018 2513
2513 1347 1346
1346 2016 2513
2020 1988 2514
2514 2515 2516
2516 2018 2020
2020 2514 2516
2517 1350 1349
1349 1347 2518
2518 2515 2517
2517 1349 2518
2513 2018 2516
2516 2515 2518
2518 1347 2513
2513 2516 2518
2519 1921 2491
2491 2489 2520
2520 2521 2519
2519 2491 2520
2488 1336 2503
2503 2500 2522
2522 2489 2488
2488 2503 2522
2499 2498 2523
2523 2521 2524
2524 2500 2499
2499 2523 2524
2520 2489 2522
2522 2500 2524
2524 2521 2520
2520 2522 2524
2033 1048 1390
1390 1388 2525
2525 2034 2033
2033 1390 2525
1387 1008 2010
2010 2012 2526
2526 1388 1387
1387 2010 2526
2014 1380 2037
2037 2034 2527
2527 2012 2014
2014 2037 2527
2525 1388 2526
2526 2012 2527
2527 2034 2525
2525 2526 2527
2505 1350 2517
2517 2515 2528
2528 2502 2505
2505 2517 2528
2514 1988 2529
2529 2530 2531
2531 2515 2514
2514 2529 2531
2532 2498 2497
2497 2502 2533
2533 2530 2532
2532 2497 2533
2528 2515 2531
2531 2530 2533
2533 2502 2528
2528 2531 2533
2534 2042 2041
2041 2039 2535
2535 2536 2534
2534 2041 2535
2038 1380 1379
1379 1377 2537
2537 2039 2038
2038 1379 2537
1376 1375 2538
2538 2536 2539
2539 1377 1376
1376 2538 2539
2535 2039 2537
2537 1377 2539
2539 2536 2535
2535 2537 2539
2540 1580 2284
2284 2282 2541
2541 2542 2540
2540 2284 2541
2281 1363 2543
2543 2544 2545
2545 2282 2281
2281 2543 2545
2546 787 2547
2547 2542 2548
2548 2544 2546
2546 2547 2548
2541 2282 2545
2545 2544 2548
2548 2542 2541
2541 2545 2548
2549 2042 2534
2534 2536 2550
2550 2551 2549
2549 2534 2550
2538 1375 1392
1392 1396 2552
2552 2536 2538
2538 1392 2552
1404 1403 2553
2553 2551 2554
2554 1396 1404
1404 2553 2554
2550 2536 2552
2552 1396 2554
2554 2551 2550
2550 2552 2554
2555 914 2556
2556 2557 2558
2558 2559 2555
2555 2556 2558
2560 2561 2562
2562 2563 2564
2564 2557 2560
2560 2562 2564
2565 2566 2567
2567 2559 2568
2568 2563 2565
2565 2567 2568
2558 2557 2564
2564 2563 2568
2568 2559 2558
2558 2564 2568
2569 2570 2571
2571 2572 2573
2573 2574 2569
2569 2571 2573
2575 1403 2071
2071 2073 2576
2576 2572 2575
2575 2071 2576
2075 1033 2577
2577 2574 2578
2578 2073 2075
2075 2577 2578
2573 2572 2576
2576 2073 2578
2578 2574 2573
2573 2576 2578
2579 1428 2580
2580 2581 2582
2582 2583 2579
2579 2580 2582
2584 1012 2585
2585 2586 2587
2587 2581 2584
2584 2585 2587
2588 2570 2589
2589 2583 2590
2590 2586 2588
2588 2589 2590
2582 2581 2587
2587 2586 2590
2590 2583 2582
2582 2587 2590
1029 1028 1431
1431 1435 2591
2591 1030 1029
1029 1431 2591
1438 1428 2592
2592 2593 2594
2594 1435 1438
1438 2592 2594
2595 1033 1032
1032 1030 2596
2596 2593 2595
2595 1032 2596
2591 1435 2594
2594 2593 2596
2596 1030 2591
2591 2594 2596
2597 2042 2549
2549 2551 2598
2598 2599 2597
2597 2549 2598
2553 1403 2575
2575 2572 2600
2600 2551 2553
2553 2575 2600
2571 2570 2601
2601 2599 2602
2602 2572 2571
2571 2601 2602
2598 2551 2600
2600 2572 2602
2602 2599 2598
2598 2600 2602
1455 1451 1450
1450 1448 2603
2603 1456 1455
1455 1450 2603
1447 1446 2132
2132 2130 2604
2604 1448 1447
1447 2132 2604
2129 1460 1459
1459 1456 2605
2605 2130 2129
2129 1459 2605
2603 1448 2604
2604 2130 2605
2605 1456 2603
2603 2604 2605
2577 1033 2595
2595 2593 2606
2606 2574 2577
2577 2595 2606
2592 1428 2579
2579 2583 2607
2607 2593 2592
2592 2579 2607
2589 2570 2569
2569 2574 2608
2608 2583 2589
2589 2569 2608
2606 2593 2607
2607 2583 2608
2608 2574 2606
2606 2607 2608
2609 1465 1464
1464 1462 2610
2610 2611 2609
2609 1464 2610
1461 1460 2151
2151 2149 2612
2612 1462 1461
1461 2151 2612
2148 2087 2613
2613 2611 2614
2614 2149 2148
2148 2613 2614
2610 1462 2612
2612 2149 2614
2614 2611 2610
2610 2612 2614
2615 1423 1422
1422 1419 2616
2616 2617 2615
2615 1422 2616
1418 1417 1440
1440 1444 2618
2618 1419 1418
1418 1440 2618
1452 1451 2619
2619 2617 2620
2620 1444 1452
1452 2619 2620
2616 1419 2618
2618 1444 2620
2620 2617 2616
2616 2618 2620
2621 1465 2609
2609 2611 2622
2622 2623 2621
2621 2609 2622
2613 2087 2170
2170 2168 2624
2624 2611 2613
2613 2170 2624
2167 2101 2625
2625 2623 2626
2626 2168 2167
2167 2625 2626
2622 2611 2624
2624 2168 2626
2626 2623 2622
2622 2624 2626
918 887 885
885 884 2627
2627 911 918
918 885 2627
888 94 93
93 90 2628
2628 884 888
888 93 2628
89 88 915
915 911 2629
2629 90 89
89 915 2629
2627 884 2628
2628 90 2629
2629 911 2627
2627 2628 2629
2630 2631 2632
2632 2633 2634
2634 2635 2630
2630 2632 2634
2636 2101 2185
2185 2183 2637
2637 2633 2636
2636 2185 2637
2182 2121 2638
2638 2635 2639
2639 2183 2182
2182 2638 2639
2634 2633 2637
2637 2183 2639
2639 2635 2634
2634 2637 2639
2332 1557 1584
1584 1582 2640
2640 2326 2332
2332 1584 2640
1581 1580 2641
2641 2642 2643
2643 1582 1581
1581 2641 2643
2644 2322 2321
2321 2326 2645
2645 2642 2644
2644 2321 2645
2640 1582 2643
2643 2642 2645
2645 2326 2640
2640 2643 2645
2202 1480 2646
2646 2647 2648
2648 2203 2202
2202 2646 2648
2649 2278 2650
2650 2651 2652
2652 2647 2649
2649 2650 2652
2653 2121 2205
2205 2203 2654
2654 2651 2653
2653 2205 2654
2648 2647 2652
2652 2651 2654
2654 2203 2648
2648 2652 2654
2655 1465 2621
2621 2623 2656
2656 2657 2655
2655 2621 2656
2625 2101 2636
2636 2633 2658
2658 2623 2625
2625 2636 2658
2632 2631 2659
2659 2657 2660
2660 2633 2632
2632 2659 2660
2656 2623 2658
2658 2633 2660
2660 2657 2656
2656 2658 2660
2231 2194 2661
2661 2662 2663
2663 2232 2231
2231 2661 2663
2664 2318 2665
2665 2666 2667
2667 2662 2664
2664 2665 2667
2668 1469 2234
2234 2232 2669
2669 2666 2668
2668 2234 2669
2663 2662 2667
2667 2666 2669
2669 2232 2663
2663 2667 2669
2638 2121 2653
2653 2651 2670
2670 2635 2638
2638 2653 2670
2650 2278 2671
2671 2672 2673
2673 2651 2650
2650 2671 2673
2674 2631 2630
2630 2635 2675
2675 2672 2674
2674 2630 2675
2670 2651 2673
2673 2672 2675
2675 2635 2670
2670 2673 2675
2253 2217 2676
2676 2677 2678
2678 2251 2253
2253 2676 2678
2679 14 2680
2680 2681 2682
2682 2677 2679
2679 2680 2682
2683 2194 2249
2249 2251 2684
2684 2681 2683
2683 2249 2684
2678 2677 2682
2682 2681 2684
2684 2251 2678
2678 2682 2684
2646 1480 1479
1479 1477 2685
2685 2647 2646
2646 1479 2685
1476 1475 2267
2267 2271 2686
2686 1477 1476
1476 2267 2686
2279 2278 2649
2649 2647 2687
2687 2271 2279
2279 2649 2687
2685 1477 2686
2686 2271 2687
2687 2647 2685
2685 2686 2687
836 8 2178
2178 2176 2688
2688 831 836
836 2178 2688
2175 347 381
381 375 2689
2689 2176 2175
2175 381 2689
378 379 834
834 831 2690
2690 375 378
378 834 2690
2688 2176 2689
2689 375 2690
2690 831 2688
2688 2689 2690
2691 14 2679
2679 2677 2692
2692 2693 2691
2691 2679 2692
2676 2217 2261
2261 2263 2694
2694 2677 2676
2676 2261 2694
2265 2237 2695
2695 2693 2696
2696 2263 2265
2265 2695 2696
2692 2677 2694
2694 2263 2696
2696 2693 2692
2692 2694 2696
1470 1469 2668
2668 2666 2697
2697 1471 1470
1470 2668 2697
2665 2318 2317
2317 2315 2698
2698 2666 2665
2665 2317 2698
2314 1475 1474
1474 1471 2699
2699 2315 2314
2314 1474 2699
2697 2666 2698
2698 2315 2699
2699 1471 2697
2697 2698 2699
1638 1121 2700
2700 2701 2702
2702 1635 1638
1638 2700 2702
2703 360 2704
2704 2705 2706
2706 2701 2703
2703 2704 2706
2707 34 1631
1631 1635 2708
2708 2705 2707
2707 1631 2708
2702 2701 2706
2706 2705 2708
2708 1635 2702
2702 2706 2708
2661 2194 2683
2683 2681 2709
2709 2662 2661
2661 2683 2709
2680 14 2710
2710 2711 2712
2712 2681 2680
2680 2710 2712
2713 2318 2664
2664 2662 2714
2714 2711 2713
2713 2664 2714
2709 2681 2712
2712 2711 2714
2714 2662 2709
2709 2712 2714
2255 1508 1507
1507 1505 2715
2715 2256 2255
2255 1507 2715
1504 1503 2716
2716 2717 2718
2718 1505 1504
1504 2716 2718
2719 2237 2258
2258 2256 2720
2720 2717 2719
2719 2258 2720
2715 1505 2718
2718 2717 2720
2720 2256 2715
2715 2718 2720
2716 1503 2721
2721 2722 2723
2723 2717 2716
2716 2721 2723
2724 14 2691
2691 2693 2725
2725 2722 2724
2724 2691 2725
2695 2237 2719
2719 2717 2726
2726 2693 2695
2695 2719 2726
2723 2722 2725
2725 2693 2726
2726 2717 2723
2723 2725 2726
877 519 2727
2727 2728 2729
2729 872 877
877 2727 2729
2730 2322 2731
2731 2732 2733
2733 2728 2730
2730 2731 2733
2734 782 874
874 872 2735
2735 2732 2734
2734 874 2735
2729 2728 2733
2733 2732 2735
2735 872 2729
2729 2733 2735
2547 787 785
785 777 2736
2736 2542 2547
2547 785 2736
781 782 2737
2737 2738 2739
2739 777 781
781 2737 2739
2740 1580 2540
2540 2542 2741
2741 2738 2740
2740 2540 2741
2736 777 2739
2739 2738 2741
2741 2542 2736
2736 2739 2741
902 561 559
559 557 2742
2742 897 902
902 559 2742
563 152 151
151 148 2743
2743 557 563
563 151 2743
147 146 899
899 897 2744
2744 148 147
147 899 2744
2742 557 2743
2743 148 2744
2744 897 2742
2742 2743 2744
1936 1935 2745
2745 2746 2747
2747 1937 1936
1936 2745 2747
2748 1363 1362
1362 1356 2749
2749 2746 2748
2748 1362 2749
1360 1361 1940
1940 1937 2750
2750 1356 1360
1360 1940 2750
2747 2746 2749
2749 1356 2750
2750 1937 2747
2747 2749 2750
716 118 454
454 453 2751
2751 714 716
716 454 2751
456 176 445
445 443 2752
2752 453 456
456 445 2752
447 448 715
715 714 2753
2753 443 447
447 715 2753
2751 453 2752
2752 443 2753
2753 714 2751
2751 2752 2753
2754 787 2546
2546 2544 2755
2755 2756 2754
2754 2546 2755
2543 1363 2748
2748 2746 2757
2757 2544 2543
2543 2748 2757
2745 1935 2758
2758 2756 2759
2759 2746 2745
2745 2758 2759
2755 2544 2757
2757 2746 2759
2759 2756 2755
2755 2757 2759
2760 1144 2761
2761 2762 2763
2763 2764 2760
2760 2761 2763
2765 2766 2767
2767 2768 2769
2769 2762 2765
2765 2767 2769
2770 1722 2771
2771 2764 2772
2772 2768 2770
2770 2771 2772
2763 2762 2769
2769 2768 2772
2772 2764 2763
2763 2769 2772
1519 1518 1709
1709 1707 2773
2773 1513 1519
1519 1709 2773
1706 225 1225
1225 1222 2774
2774 1707 1706
1706 1225 2774
1221 1153 1511
1511 1513 2775
2775 1222 1221
1221 1511 2775
2773 1707 2774
2774 1222 2775
2775 1513 2773
2773 2774 2775
2211 1557 2331
2331 2329 2776
2776 2209 2211
2211 2331 2776
2328 191 2777
2777 2778 2779
2779 2329 2328
2328 2777 2779
2780 1518 2207
2207 2209 2781
2781 2778 2780
2780 2207 2781
2776 2329 2779
2779 2778 2781
2781 2209 2776
2776 2779 2781
2782 1503 1502
1502 1499 2783
2783 2784 2782
2782 1502 2783
1498 1110 1636
1636 1633 2785
2785 1499 1498
1498 1636 2785
1632 34 2786
2786 2784 2787
2787 1633 1632
1632 2786 2787
2783 1499 2785
2785 1633 2787
2787 2784 2783
2783 2785 2787
1710 1518 2780
2780 2778 2788
2788 1705 1710
1710 2780 2788
2777 191 190
190 195 2789
2789 2778 2777
2777 190 2789
203 202 1703
1703 1705 2790
2790 195 203
203 1703 2790
2788 2778 2789
2789 195 2790
2790 1705 2788
2788 2789 2790
1687 1686 2791
2791 2792 2793
2793 1688 1687
1687 2791 2793
2794 1116 2365
2365 2363 2795
2795 2792 2794
2794 2365 2795
2362 985 1690
1690 1688 2796
2796 2363 2362
2362 1690 2796
2793 2792 2795
2795 2363 2796
2796 1688 2793
2793 2795 2796
2387 1144 2760
2760 2764 2797
2797 2388 2387
2387 2760 2797
2771 1722 2798
2798 2799 2800
2800 2764 2771
2771 2798 2800
2801 1680 2390
2390 2388 2802
2802 2799 2801
2801 2390 2802
2797 2764 2800
2800 2799 2802
2802 2388 2797
2797 2800 2802
2803 1121 1120
1120 1118 2804
2804 2805 2803
2803 1120 2804
1117 1116 2794
2794 2792 2806
2806 1118 1117
1117 2794 2806
2791 1686 2807
2807 2805 2808
2808 2792 2791
2791 2807 2808
2804 1118 2806
2806 2792 2808
2808 2805 2804
2804 2806 2808
2393 2371 2809
2809 2810 2811
2811 2394 2393
2393 2809 2811
2812 2766 2765
2765 2762 2813
2813 2810 2812
2812 2765 2813
2761 1144 2396
2396 2394 2814
2814 2762 2761
2761 2396 2814
2811 2810 2813
2813 2762 2814
2814 2394 2811
2811 2813 2814
1681 1680 2801
2801 2799 2815
2815 1682 1681
1681 2801 2815
2798 1722 1721
1721 1726 2816
2816 2799 2798
2798 1721 2816
1732 1686 1685
1685 1682 2817
2817 1726 1732
1732 1685 2817
2815 2799 2816
2816 1726 2817
2817 1682 2815
2815 2816 2817
362 39 38
38 36 2818
2818 355 362
362 38 2818
35 34 2707
2707 2705 2819
2819 36 35
35 2707 2819
2704 360 358
358 355 2820
2820 2705 2704
2704 358 2820
2818 36 2819
2819 2705 2820
2820 355 2818
2818 2819 2820
2402 1239 2821
2821 2822 2823
2823 2403 2402
2402 2821 2823
2824 2825 2826
2826 2827 2828
2828 2822 2824
2824 2826 2828
2829 2371 2405
2405 2403 2830
2830 2827 2829
2829 2405 2830
2823 2822 2828
2828 2827 2830
2830 2403 2823
2823 2828 2830
1079 1078 2831
2831 2832 2833
2833 1071 1079
1079 2831 2833
2834 1748 1747
1747 1745 2835
2835 2832 2834
2834 1747 2835
1744 1067 1066
1066 1071 2836
2836 1745 1744
1744 1066 2836
2833 2832 2835
2835 1745 2836
2836 1071 2833
2833 2835 2836
2809 2371 2829
2829 2827 2837
2837 2810 2809
2809 2829 2837
2826 2825 2838
2838 2839 2840
2840 2827 2826
2826 2838 2840
2841 2766 2812
2812 2810 2842
2842 2839 2841
2841 2812 2842
2837 2827 2840
2840 2839 2842
2842 2810 2837
2837 2840 2842
1254 1253 2843
2843 2844 2845
2845 1246 1254
1254 2843 2845
2846 2431 2847
2847 2848 2849
2849 2844 2846
2846 2847 2849
2850 1078 1242
1242 1246 2851
2851 2848 2850
2850 1242 2851
2845 2844 2849
2849 2848 2851
2851 1246 2845
2845 2849 2851
2821 1239 1752
1752 1750 2852
2852 2822 2821
2821 1752 2852
1749 1748 2853
2853 2854 2855
2855 1750 1749
1749 2853 2855
2856 2825 2824
2824 2822 2857
2857 2854 2856
2856 2824 2857
2852 1750 2855
2855 2854 2857
2857 2822 2852
2852 2855 2857
2858 2436 2859
2859 2860 2861
2861 2862 2858
2858 2859 2861
2863 1253 2470
2470 2472 2864
2864 2860 2863
2863 2470 2864
2474 2440 2865
2865 2862 2866
2866 2472 2474
2474 2865 2866
2861 2860 2864
2864 2472 2866
2866 2862 2861
2861 2864 2866
2831 1078 2850
2850 2848 2867
2867 2832 2831
2831 2850 2867
2847 2431 2868
2868 2869 2870
2870 2848 2847
2847 2868 2870
2871 1748 2834
2834 2832 2872
2872 2869 2871
2871 2834 2872
2867 2848 2870
2870 2869 2872
2872 2832 2867
2867 2870 2872
2483 1887 2873
2873 2874 2875
2875 2484 2483
2483 2873 2875
2876 1301 2877
2877 2878 2879
2879 2874 2876
2876 2877 2879
2880 2440 2486
2486 2484 2881
2881 2878 2880
2880 2486 2881
2875 2874 2879
2879 2878 2881
2881 2484 2875
2875 2879 2881
2432 2431 2846
2846 2844 2882
2882 2433 2432
2432 2846 2882
2843 1253 2863
2863 2860 2883
2883 2844 2843
2843 2863 2883
2859 2436 2435
2435 2433 2884
2884 2860 2859
2859 2435 2884
2882 2844 2883
2883 2860 2884
2884 2433 2882
2882 2883 2884
2865 2440 2880
2880 2878 2885
2885 2862 2865
2865 2880 2885
2877 1301 2886
2886 2887 2888
2888 2878 2877
2877 2886 2888
2889 2436 2858
2858 2862 2890
2890 2887 2889
2889 2858 2890
2885 2878 2888
2888 2887 2890
2890 2862 2885
2885 2888 2890
2891 2892 2893
2893 2894 2895
2895 2896 2891
2891 2893 2895
2897 1297 1925
1925 1923 2898
2898 2894 2897
2897 1925 2898
1922 1921 2899
2899 2896 2900
2900 1923 1922
1922 2899 2900
2895 2894 2898
2898 1923 2900
2900 2896 2895
2895 2898 2900
2873 1887 1886
1886 1884 2901
2901 2874 2873
2873 1886 2901
1883 1286 2902
2902 2903 2904
2904 1884 1883
1883 2902 2904
2905 1301 2876
2876 2874 2906
2906 2903 2905
2905 2876 2906
2901 1884 2904
2904 2903 2906
2906 2874 2901
2901 2904 2906
2523 2498 2907
2907 2908 2909
2909 2521 2523
2523 2907 2909
2910 2911 2912
2912 2913 2914
2914 2908 2910
2910 2912 2914
2915 1921 2519
2519 2521 2916
2916 2913 2915
2915 2519 2916
2909 2908 2914
2914 2913 2916
2916 2521 2909
2909 2914 2916
2917 1286 1285
1285 1290 2918
2918 2919 2917
2917 1285 2918
1298 1297 2897
2897 2894 2920
2920 1290 1298
1298 2897 2920
2893 2892 2921
2921 2919 2922
2922 2894 2893
2893 2921 2922
2918 1290 2920
2920 2894 2922
2922 2919 2918
2918 2920 2922
2923 2892 2924
2924 2925 2926
2926 2927 2923
2923 2924 2926
2928 948 967
967 963 2929
2929 2925 2928
2928 967 2929
965 327 2930
2930 2927 2931
2931 963 965
965 2930 2931
2926 2925 2929
2929 963 2931
2931 2927 2926
2926 2929 2931
2529 1988 2932
2932 2933 2934
2934 2530 2529
2529 2932 2934
2935 2936 2937
2937 2938 2939
2939 2933 2935
2935 2937 2939
2940 2498 2532
2532 2530 2941
2941 2938 2940
2940 2532 2941
2934 2933 2939
2939 2938 2941
2941 2530 2934
2934 2939 2941
2899 1921 2915
2915 2913 2942
2942 2896 2899
2899 2915 2942
2912 2911 2943
2943 2944 2945
2945 2913 2912
2912 2943 2945
2946 2892 2891
2891 2896 2947
2947 2944 2946
2946 2891 2947
2942 2913 2945
2945 2944 2947
2947 2896 2942
2942 2945 2947
2907 2498 2940
2940 2938 2948
2948 2908 2907
2907 2940 2948
2937 2936 2949
2949 2950 2951
2951 2938 2937
2937 2949 2951
2952 2911 2910
2910 2908 2953
2953 2950 2952
2952 2910 2953
2948 2938 2951
2951 2950 2953
2953 2908 2948
2948 2951 2953
2954 1012 1011
1011 1016 2955
2955 2956 2954
2954 1011 2955
1019 887 2957
2957 2958 2959
2959 1016 1019
1019 2957 2959
2960 2566 2961
2961 2956 2962
2962 2958 2960
2960 2961 2962
2955 1016 2959
2959 2958 2962
2962 2956 2955
2955 2959 2962
2043 2042 2963
2963 2964 2965
2965 2036 2043
2043 2963 2965
2966 2561 2967
2967 2968 2969
2969 2964 2966
2966 2967 2969
2970 1048 2032
2032 2036 2971
2971 2968 2970
2970 2032 2971
2965 2964 2969
2969 2968 2971
2971 2036 2965
2965 2969 2971
2932 1988 1987
1987 1985 2972
2972 2933 2932
2932 1987 2972
1984 1037 2973
2973 2974 2975
2975 1985 1984
1984 2973 2975
2976 2936 2935
2935 2933 2977
2977 2974 2976
2976 2935 2977
2972 1985 2975
2975 2974 2977
2977 2933 2972
2972 2975 2977
2978 2566 2979
2979 2980 2981
2981 2982 2978
2978 2979 2981
2983 2042 2597
2597 2599 2984
2984 2980 2983
2983 2597 2984
2601 2570 2985
2985 2982 2986
2986 2599 2601
2601 2985 2986
2981 2980 2984
2984 2599 2986
2986 2982 2981
2981 2984 2986
1049 1048 2970
2970 2968 2987
2987 1041 1049
1049 2970 2987
2967 2561 2988
2988 2989 2990
2990 2968 2967
2967 2988 2990
2991 1037 1036
1036 1041 2992
2992 2989 2991
2991 1036 2992
2987 2968 2990
2990 2989 2992
2992 1041 2987
2987 2990 2992
2562 2561 2966
2966 2964 2993
2993 2563 2562
2562 2966 2993
2963 2042 2983
2983 2980 2994
2994 2964 2963
2963 2983 2994
2979 2566 2565
2565 2563 2995
2995 2980 2979
2979 2565 2995
2993 2964 2994
2994 2980 2995
2995 2563 2993
2993 2994 2995
2641 1580 2740
2740 2738 2996
2996 2642 2641
2641 2740 2996
2737 782 2734
2734 2732 2997
2997 2738 2737
2737 2734 2997
2731 2322 2644
2644 2642 2998
2998 2732 2731
2731 2644 2998
2996 2738 2997
2997 2732 2998
2998 2642 2996
2996 2997 2998
2985 2570 2588
2588 2586 2999
2999 2982 2985
2985 2588 2999
2585 1012 2954
2954 2956 3000
3000 2586 2585
2585 2954 3000
2961 2566 2978
2978 2982 3001
3001 2956 2961
2961 2978 3001
2999 2586 3000
3000 2956 3001
3001 2982 2999
2999 3000 3001
3002 3003 3004
3004 3005 3006
3006 3007 3002
3002 3004 3006
3008 1451 1454
1454 1458 3009
3009 3005 3008
3008 1454 3009
1466 1465 3010
3010 3007 3011
3011 1458 1466
1466 3010 3011
3006 3005 3009
3009 1458 3011
3011 3007 3006
3006 3009 3011
2580 1428 1427
1427 1425 3012
3012 2581 2580
2580 1427 3012
1424 1423 3013
3013 3014 3015
3015 1425 1424
1424 3013 3015
3016 1012 2584
2584 2581 3017
3017 3014 3016
3016 2584 3017
3012 1425 3015
3015 3014 3017
3017 2581 3012
3012 3015 3017
2659 2631 3018
3018 3019 3020
3020 2657 2659
2659 3018 3020
3021 3022 3023
3023 3024 3025
3025 3019 3021
3021 3023 3025
3026 1465 2655
2655 2657 3027
3027 3024 3026
3026 2655 3027
3020 3019 3025
3025 3024 3027
3027 2657 3020
3020 3025 3027
3028 1423 2615
2615 2617 3029
3029 3030 3028
3028 2615 3029
2619 1451 3008
3008 3005 3031
3031 2617 2619
2619 3008 3031
3004 3003 3032
3032 3030 3033
3033 3005 3004
3004 3032 3033
3029 2617 3031
3031 3005 3033
3033 3030 3029
3029 3031 3033
765 682 3034
3034 3035 3036
3036 762 765
765 3034 3036
3037 2322 2730
2730 2728 3038
3038 3035 3037
3037 2730 3038
2727 519 767
767 762 3039
3039 2728 2727
2727 767 3039
3036 3035 3038
3038 2728 3039
3039 762 3036
3036 3038 3039
2671 2278 3040
3040 3041 3042
3042 2672 2671
2671 3040 3042
3043 2 3044
3044 3045 3046
3046 3041 3043
3043 3044 3046
3047 2631 2674
2674 2672 3048
3048 3045 3047
3047 2674 3048
3042 3041 3046
3046 3045 3048
3048 2672 3042
3042 3046 3048
3010 1465 3026
3026 3024 3049
3049 3007 3010
3010 3026 3049
3023 3022 3050
3050 3051 3052
3052 3024 3023
3023 3050 3052
3053 3003 3002
3002 3007 3054
3054 3051 3053
3053 3002 3054
3049 3024 3052
3052 3051 3054
3054 3007 3049
3049 3052 3054
3018 2631 3047
3047 3045 3055
3055 3019 3018
3018 3047 3055
3044 2 3056
3056 3057 3058
3058 3045 3044
3044 3056 3058
3059 3022 3021
3021 3019 3060
3060 3057 3059
3059 3021 3060
3055 3045 3058
3058 3057 3060
3060 3019 3055
3055 3058 3060
357 43 343
343 341 3061
3061 353 357
357 343 3061
346 347 816
816 815 3062
3062 341 346
346 816 3062
817 39 361
361 353 3063
3063 815 817
817 361 3063
3061 341 3062
3062 815 3063
3063 353 3061
3061 3062 3063
2710 14 13
13 18 3064
3064 2711 2710
2710 13 3064
26 25 3065
3065 3066 3067
3067 18 26
26 3065 3067
3068 2318 2713
2713 2711 3069
3069 3066 3068
3068 2713 3069
3064 18 3067
3067 3066 3069
3069 2711 3064
3064 3067 3069
3040 2278 2277
2277 2275 3070
3070 3041 3040
3040 2277 3070
2274 2273 3071
3071 3072 3073
3073 2275 2274
2274 3071 3073
3074 2 3043
3043 3041 3075
3075 3072 3074
3074 3043 3075
3070 2275 3073
3073 3072 3075
3075 3041 3070
3070 3073 3075
3076 64 794
794 792 3077
3077 3078 3076
3076 794 3077
796 360 2703
2703 2701 3079
3079 792 796
796 2703 3079
2700 1121 3080
3080 3078 3081
3081 2701 2700
2700 3080 3081
3077 792 3079
3079 2701 3081
3081 3078 3077
3077 3079 3081
2319 2318 3068
3068 3066 3082
3082 2313 2319
2319 3068 3082
3065 25 3083
3083 3084 3085
3085 3066 3065
3065 3083 3085
3086 2273 2311
2311 2313 3087
3087 3084 3086
3086 2311 3087
3082 3066 3085
3085 3084 3087
3087 2313 3082
3082 3085 3087
29 20 3088
3088 3089 3090
3090 30 29
29 3088 3090
3091 1503 2782
2782 2784 3092
3092 3089 3091
3091 2782 3092
2786 34 33
33 30 3093
3093 2784 2786
2786 33 3093
3090 3089 3092
3092 2784 3093
3093 30 3090
3090 3092 3093
15 14 2724
2724 2722 3094
3094 16 15
15 2724 3094
2721 1503 3091
3091 3089 3095
3095 2722 2721
2721 3091 3095
3088 20 19
19 16 3096
3096 3089 3088
3088 19 3096
3094 2722 3095
3095 3089 3096
3096 16 3094
3094 3095 3096
2567 2566 2960
2960 2958 3097
3097 2559 2567
2567 2960 3097
2957 887 917
917 909 3098
3098 2958 2957
2957 917 3098
913 914 2555
2555 2559 3099
3099 909 913
913 2555 3099
3097 2958 3098
3098 909 3099
3099 2559 3097
3097 3098 3099
3100 142 700
700 693 3101
3101 3102 3100
3100 700 3101
697 542 783
783 779 3103
3103 693 697
697 783 3103
786 787 3104
3104 3102 3105
3105 779 786
786 3104 3105
3101 693 3103
3103 779 3105
3105 3102 3101
3101 3103 3105
2758 1935 3106
3106 3107 3108
3108 2756 2758
2758 3106 3108
3109 142 3100
3100 3102 3110
3110 3107 3109
3109 3100 3110
3104 787 2754
2754 2756 3111
3111 3102 3104
3104 2754 3111
3108 3107 3110
3110 3102 3111
3111 2756 3108
3108 3110 3111
110 109 613
613 611 3112
3112 111 110
110 613 3112
612 480 736
736 735 3113
3113 611 612
612 736 3113
737 114 113
113 111 3114
3114 735 737
737 113 3114
3112 611 3113
3113 735 3114
3114 111 3112
3112 3113 3114
3115 161 1872
1872 1870 3116
3116 3117 3115
3115 1872 3116
1869 109 108
108 105 3118
3118 1870 1869
1869 108 3118
104 103 3119
3119 3117 3120
3120 105 104
104 3119 3120
3116 1870 3118
3118 105 3120
3120 3117 3116
3116 3118 3120
143 142 3109
3109 3107 3121
3121 135 143
143 3109 3121
3106 1935 2293
2293 2291 3122
3122 3107 3106
3106 2293 3122
2290 114 131
131 135 3123
3123 2291 2290
2290 131 3123
3121 3107 3122
3122 2291 3123
3123 135 3121
3121 3122 3123
1613 1257 1793
1793 1791 3124
3124 1614 1613
1613 1793 3124
1790 161 3115
3115 3117 3125
3125 1791 1790
1790 3115 3125
3119 103 1616
1616 1614 3126
3126 3117 3119
3119 1616 3126
3124 1791 3125
3125 3117 3126
3126 1614 3124
3124 3125 3126
651 187 186
186 184 3127
3127 647 651
651 186 3127
183 182 3128
3128 3129 3130
3130 184 183
183 3128 3130
3131 489 654
654 647 3132
3132 3129 3131
3131 654 3132
3127 184 3130
3130 3129 3132
3132 647 3127
3127 3130 3132
198 197 371
371 366 3133
3133 199 198
198 371 3133
369 54 495
495 494 3134
3134 366 369
369 495 3134
496 202 201
201 199 3135
3135 494 496
496 201 3135
3133 366 3134
3134 494 3135
3135 199 3133
3133 3134 3135
3136 682 680
680 678 3137
3137 3138 3136
3136 680 3137
683 197 196
196 193 3139
3139 678 683
683 196 3139
192 191 3140
3140 3138 3141
3141 193 192
192 3140 3141
3137 678 3139
3139 193 3141
3141 3138 3137
3137 3139 3141
2323 2322 3037
3037 3035 3142
3142 2324 2323
2323 3037 3142
3034 682 3136
3136 3138 3143
3143 3035 3034
3034 3136 3143
3140 191 2327
2327 2324 3144
3144 3138 3140
3140 2327 3144
3142 3035 3143
3143 3138 3144
3144 2324 3142
3142 3143 3144
879 537 845
845 843 3145
3145 873 879
879 845 3145
844 504 515
515 512 3146
3146 843 844
844 515 3146
518 519 876
876 873 3147
3147 512 518
518 876 3147
3145 843 3146
3146 512 3147
3147 873 3145
3145 3146 3147
435 172 171
171 169 3148
3148 433 435
435 171 3148
168 167 1229
1229 1227 3149
3149 169 168
168 1229 3149
1226 225 437
437 433 3150
3150 1227 1226
1226 437 3150
3148 169 3149
3149 1227 3150
3150 433 3148
3148 3149 3150
3128 182 2416
2416 2414 3151
3151 3129 3128
3128 2416 3151
2413 220 486
486 484 3152
3152 2414 2413
2413 486 3152
488 489 3131
3131 3129 3153
3153 484 488
488 3131 3153
3151 2414 3152
3152 484 3153
3153 3129 3151
3151 3152 3153
3154 235 3155
3155 3156 3157
3157 3158 3154
3154 3155 3157
3159 1722 2770
2770 2768 3160
3160 3156 3159
3159 2770 3160
2767 2766 3161
3161 3158 3162
3162 2768 2767
2767 3161 3162
3157 3156 3160
3160 2768 3162
3162 3158 3157
3157 3160 3162
2807 1686 1731
1731 1729 3163
3163 2805 2807
2807 1731 3163
1728 64 3076
3076 3078 3164
3164 1729 1728
1728 3076 3164
3080 1121 2803
2803 2805 3165
3165 3078 3080
3080 2803 3165
3163 1729 3164
3164 3078 3165
3165 2805 3163
3163 3164 3165
3166 240 3167
3167 3168 3169
3169 3170 3166
3166 3167 3169
3171 2766 2841
2841 2839 3172
3172 3168 3171
3171 2841 3172
2838 2825 3173
3173 3170 3174
3174 2839 2838
2838 3173 3174
3169 3168 3172
3172 2839 3174
3174 3170 3169
3169 3172 3174
250 64 1727
1727 1724 3175
3175 247 250
250 1727 3175
1723 1722 3159
3159 3156 3176
3176 1724 1723
1723 3159 3176
3155 235 243
243 247 3177
3177 3156 3155
3155 243 3177
3175 1724 3176
3176 3156 3177
3177 247 3175
3175 3176 3177
3178 277 3179
3179 3180 3181
3181 3182 3178
3178 3179 3181
3183 2825 2856
2856 2854 3184
3184 3180 3183
3183 2856 3184
2853 1748 3185
3185 3182 3186
3186 2854 2853
2853 3185 3186
3181 3180 3184
3184 2854 3186
3186 3182 3181
3181 3184 3186
236 235 3154
3154 3158 3187
3187 237 236
236 3154 3187
3161 2766 3171
3171 3168 3188
3188 3158 3161
3161 3171 3188
3167 240 239
239 237 3189
3189 3168 3167
3167 239 3189
3187 3158 3188
3188 3168 3189
3189 237 3187
3187 3188 3189
2868 2431 3190
3190 3191 3192
3192 2869 2868
2868 3190 3192
3193 277 3178
3178 3182 3194
3194 3191 3193
3193 3178 3194
3185 1748 2871
2871 2869 3195
3195 3182 3185
3185 2871 3195
3192 3191 3194
3194 3182 3195
3195 2869 3192
3192 3194 3195
273 240 3166
3166 3170 3196
3196 274 273
273 3166 3196
3173 2825 3183
3183 3180 3197
3197 3170 3173
3173 3183 3197
3179 277 276
276 274 3198
3198 3180 3179
3179 276 3198
3196 3170 3197
3197 3180 3198
3198 274 3196
3196 3197 3198
1308 317 3199
3199 3200 3201
3201 1305 1308
1308 3199 3201
3202 2436 2889
2889 2887 3203
3203 3200 3202
3202 2889 3203
2886 1301 1300
1300 1305 3204
3204 2887 2886
2886 1300 3204
3201 3200 3203
3203 2887 3204
3204 1305 3201
3201 3203 3204
298 277 3193
3193 3191 3205
3205 291 298
298 3193 3205
3190 2431 2430
2430 2427 3206
3206 3191 3190
3190 2430 3206
2426 287 286
286 291 3207
3207 2427 2426
2426 286 3207
3205 3191 3206
3206 2427 3207
3207 291 3205
3205 3206 3207
2902 1286 3208
3208 3209 3210
3210 2903 2902
2902 3208 3210
3211 327 1306
1306 1303 3212
3212 3209 3211
3211 1306 3212
1302 1301 2905
2905 2903 3213
3213 1303 1302
1302 2905 3213
3210 3209 3212
3212 1303 3213
3213 2903 3210
3210 3212 3213
313 287 2425
2425 2429 3214
3214 314 313
313 2425 3214
2437 2436 3202
3202 3200 3215
3215 2429 2437
2437 3202 3215
3199 317 316
316 314 3216
3216 3200 3199
3199 316 3216
3214 2429 3215
3215 3200 3216
3216 314 3214
3214 3215 3216
2943 2911 3217
3217 3218 3219
3219 2944 2943
2943 3217 3219
3220 948 2928
2928 2925 3221
3221 3218 3220
3220 2928 3221
2924 2892 2946
2946 2944 3222
3222 2925 2924
2924 2946 3222
3219 3218 3221
3221 2925 3222
3222 2944 3219
3219 3221 3222
2930 327 3211
3211 3209 3223
3223 2927 2930
2930 3211 3223
3208 1286 2917
2917 2919 3224
3224 3209 3208
3208 2917 3224
2921 2892 2923
2923 2927 3225
3225 2919 2921
2921 2923 3225
3223 3209 3224
3224 2919 3225
3225 2927 3223
3223 3224 3225
731 590 588
588 586 3226
3226 727 731
731 588 3226
592 124 622
622 619 3227
3227 586 592
592 622 3227
625 333 729
729 727 3228
3228 619 625
625 729 3228
3226 586 3227
3227 619 3228
3228 727 3226
3226 3227 3228
3229 927 3230
3230 3231 3232
3232 3233 3229
3229 3230 3232
3234 2911 2952
2952 2950 3235
3235 3231 3234
3234 2952 3235
2949 2936 3236
3236 3233 3237
3237 2950 2949
2949 3236 3237
3232 3231 3235
3235 2950 3237
3237 3233 3232
3232 3235 3237
3238 905 3239
3239 3240 3241
3241 3242 3238
3238 3239 3241
3243 2936 2976
2976 2974 3244
3244 3240 3243
3243 2976 3244
2973 1037 3245
3245 3242 3246
3246 2974 2973
2973 3245 3246
3241 3240 3244
3244 2974 3246
3246 3242 3241
3241 3244 3246
947 948 3220
3220 3218 3247
3247 944 947
947 3220 3247
3217 2911 3234
3234 3231 3248
3248 3218 3217
3217 3234 3248
3230 927 950
950 944 3249
3249 3231 3230
3230 950 3249
3247 3218 3248
3248 3231 3249
3249 944 3247
3247 3248 3249
2988 2561 3250
3250 3251 3252
3252 2989 2988
2988 3250 3252
3253 905 3238
3238 3242 3254
3254 3251 3253
3253 3238 3254
3245 1037 2991
2991 2989 3255
3255 3242 3245
3245 2991 3255
3252 3251 3254
3254 3242 3255
3255 2989 3252
3252 3254 3255
1593 927 3229
3229 3233 3256
3256 1594 1593
1593 3229 3256
3236 2936 3243
3243 3240 3257
3257 3233 3236
3236 3243 3257
3239 905 1596
1596 1594 3258
3258 3240 3239
3239 1596 3258
3256 3233 3257
3257 3240 3258
3258 1594 3256
3256 3257 3258
934 905 3253
3253 3251 3259
3259 932 934
934 3253 3259
3250 2561 2560
2560 2557 3260
3260 3251 3250
3250 2560 3260
2556 914 936
936 932 3261
3261 2557 2556
2556 936 3261
3259 3251 3260
3260 2557 3261
3261 932 3259
3259 3260 3261
565 88 87
87 92 3262
3262 558 565
565 87 3262
100 99 747
747 745 3263
3263 92 100
100 747 3263
749 152 562
562 558 3264
3264 745 749
749 562 3264
3262 92 3263
3263 745 3264
3264 558 3262
3262 3263 3264
937 914 912
912 910 3265
3265 933 937
937 912 3265
916 88 564
564 556 3266
3266 910 916
916 564 3266
560 561 935
935 933 3267
3267 556 560
560 935 3267
3265 910 3266
3266 556 3267
3267 933 3265
3265 3266 3267
3013 1423 3268
3268 3269 3270
3270 3014 3013
3013 3268 3270
3271 854 1017
1017 1014 3272
3272 3269 3271
3271 1017 3272
1013 1012 3016
3016 3014 3273
3273 1014 1013
1013 3016 3273
3270 3269 3272
3272 1014 3273
3273 3014 3270
3270 3272 3273
3274 73 3275
3275 3276 3277
3277 3278 3274
3274 3275 3277
3279 3003 3053
3053 3051 3280
3280 3276 3279
3279 3053 3280
3050 3022 3281
3281 3278 3282
3282 3051 3050
3050 3281 3282
3277 3276 3280
3280 3051 3282
3282 3278 3277
3277 3280 3282
3283 854 3271
3271 3269 3284
3284 3285 3283
3283 3271 3284
3268 1423 3028
3028 3030 3286
3286 3269 3268
3268 3028 3286
3032 3003 3287
3287 3285 3288
3288 3030 3032
3032 3287 3288
3284 3269 3286
3286 3030 3288
3288 3285 3284
3284 3286 3288
3289 406 3290
3290 3291 3292
3292 6 3289
3289 3290 3292
3293 3022 3059
3059 3057 3294
3294 3291 3293
3293 3059 3294
3056 2 1
1 6 3295
3295 3057 3056
3056 1 3295
3292 3291 3294
3294 3057 3295
3295 6 3292
3292 3294 3295
867 854 3283
3283 3285 3296
3296 865 867
867 3283 3296
3287 3003 3279
3279 3276 3297
3297 3285 3287
3287 3279 3297
3275 73 866
866 865 3298
3298 3276 3275
3275 866 3298
3296 3285 3297
3297 3276 3298
3298 865 3296
3296 3297 3298
3299 8 7
7 4 3300
3300 3301 3299
3299 7 3300
3 2 3074
3074 3072 3302
3302 4 3
3 3074 3302
3071 2273 3303
3303 3301 3304
3304 3072 3071
3071 3303 3304
3300 4 3302
3302 3072 3304
3304 3301 3300
3300 3302 3304
860 73 3274
3274 3278 3305
3305 859 860
860 3274 3305
3281 3022 3293
3293 3291 3306
3306 3278 3281
3281 3293 3306
3290 406 861
861 859 3307
3307 3291 3290
3290 861 3307
3305 3278 3306
3306 3291 3307
3307 859 3305
3305 3306 3307
3083 25 2172
2172 2174 3308
3308 3084 3083
3083 2172 3308
2179 8 3299
3299 3301 3309
3309 2174 2179
2179 3299 3309
3303 2273 3086
3086 3084 3310
3310 3301 3303
3303 3086 3310
3308 2174 3309
3309 3301 3310
3310 3084 3308
3308 3309 3310
833 406 3289
3289 6 12
12 10 833
833 3289 12
