6.07153216592e-18 0.01 0.303311170279
0.01 0.0 0.30329850443
0.0810187254671 0.0717854725592 0.303316163535
0.0237022538233 0.125699302269 0.303347229652
2.16840434497e-18 -0.01 0.303299223692
0.0273669097556 -0.0497866989085 0.303200367605
0.0660613426517 -0.0370020240303 0.303220935976
-0.0345351532714 -0.0731323278515 0.303170676264
0.0158772795087 -0.103123435074 0.303163198374
-0.01 0.0 0.303284368277
-0.0831734620626 -0.04480669296 0.303149607741
-0.104508932181 0.0486703896471 0.30319191419
-0.154684061653 -0.00162722241861 0.30311751837
-0.0789164780303 0.106186794631 0.303262859639
-0.056025964225 0.195905731473 0.303361231881
0.0601544583022 0.237065448625 0.303403608033
-0.0285690953192 0.297667454243 0.303543242812
0.141909834763 0.172356978663 0.303371727461
0.143159746128 0.00832102239168 0.303259065539
0.2205073901 0.0993020943496 0.303324630142
1.0 0.0 0.303014275442
0.986277439286 0.164581557103 0.30302010165
0.832839582309 0.151338814079 0.303073605616
0.834583104496 0.0074630095403 0.303054705237
0.945675190572 0.324652000328 0.303023596459
0.812757095101 0.290188207505 0.303084463286
0.879302032631 0.475855617815 0.303023807292
0.773871056557 0.408907860667 0.303074076024
0.788966860023 0.614078177931 0.303028812558
0.692944476809 0.505431233934 0.303086045835
0.677129536857 0.735558509833 0.303039121597
0.589406145821 0.593854452725 0.303112958612
0.546834127292 0.836990513424 0.303051621884
0.470822284651 0.67293929269 0.303149865232
0.401626308648 0.915612842206 0.303075602365
0.342578328123 0.741744689951 0.303216655573
0.245457199587 0.969283835146 0.303110411214
0.207869479944 0.79557014364 0.303325477074
0.0825762023029 0.996539671577 0.303145378852
0.0699436609456 0.826779157428 0.30345526803
-0.0825762023029 0.996539671577 0.303143447799
-0.0643688975236 0.833457275427 0.303474187151
-0.245457199587 0.969283835146 0.303137102621
-0.195564619643 0.791259040377 0.303521607824
-0.401626308648 0.915612842206 0.303098734477
-0.335387717 0.738481465158 0.303388561748
-0.546834127292 0.836990513424 0.303059864421
-0.470447968882 0.671204150522 0.303221653033
-0.677129536857 0.735558509833 0.303019368809
-0.594180228807 0.592763078335 0.303077317266
-0.788966860023 0.614078177931 0.302988141621
-0.704063865277 0.544610736242 0.302997498629
-0.879302032631 0.475855617815 0.302964003714
-0.729044507 0.426990952459 0.302946816268
-0.945675190572 0.324652000328 0.302938540872
-0.78025852749 0.286138208454 0.302855412773
-0.986277439286 0.164581557103 0.302930265815
-0.82234669637 0.142701761309 0.302816422762
-1.0 -7.19961669709e-15 0.302930775394
-0.844338218422 -0.00282532195685 0.302802569413
-0.986277439286 -0.164581557103 0.302942337479
-0.838597773385 -0.14598268335 0.302829721493
-0.945675190572 -0.324652000328 0.302957299796
-0.79855160201 -0.283273993079 0.302873576916
-0.879302032631 -0.475855617815 0.3029668495
-0.731160211618 -0.413568790327 0.302904924584
-0.788966860023 -0.614078177931 0.30297350337
-0.644865379854 -0.533759039628 0.302927712043
-0.677129536857 -0.735558509833 0.302980497626
-0.549089330735 -0.64807582786 0.302950496936
-0.546834127292 -0.836990513424 0.302986649815
-0.48870734873 -0.748531890921 0.302970585061
-0.401626308648 -0.915612842206 0.302986247518
-0.371749894924 -0.764413347365 0.302964397341
-0.245457199587 -0.969283835146 0.302988256858
-0.225474431556 -0.801478476629 0.302967190333
-0.0825762023029 -0.996539671577 0.302988711043
-0.0772935992673 -0.828104005289 0.302967478292
0.0825762023029 -0.996539671577 0.302989656889
0.0735285872094 -0.83241806485 0.302969334786
0.245457199587 -0.969283835146 0.302991467507
0.219452685245 -0.81902988944 0.302973427864
0.401626308648 -0.915612842206 0.302993852186
0.358214072226 -0.787570675168 0.30298048383
0.546834127292 -0.836990513424 0.302995781259
0.473696048249 -0.740173476399 0.302987530959
0.677129536857 -0.735558509833 0.30299704432
0.564924769349 -0.652257968099 0.30299117348
0.788966860023 -0.614078177931 0.302998601754
0.647108485965 -0.542137255113 0.302996676207
0.879302032631 -0.475855617815 0.303000821085
0.718330115637 -0.416815384223 0.30300539615
0.945675190572 -0.324652000328 0.303003996224
0.774539140563 -0.28091733295 0.303018188767
0.986277439286 -0.164581557103 0.303008198803
0.813314304242 -0.137832768628 0.30303437986
-0.0745141345384 -0.136525780687 0.303063641693
-0.0169573126397 -0.176125804357 0.30308637149
-0.1365774903 -0.105573322572 0.303037963466
-0.210467629918 -0.0629787574198 0.303003562234
-0.21954610799 0.0562316874655 0.303095688744
-0.289126305836 -0.00185005843186 0.302960764774
-0.16125846611 0.085848139798 0.303163738268
-0.160785524281 0.153241261915 0.303259990595
-0.144534963383 0.243891776974 0.303467164513
-0.119281111079 0.339238852629 0.303848757664
-0.00763099559776 0.414736558596 0.304071229221
-0.117692925018 0.447866715617 0.304633034552
0.0966648684033 0.360075623924 0.303626685251
0.698100548293 0.273200670082 0.303177020559
0.695499488245 0.154388151751 0.303168633337
0.697593593818 0.362949360606 0.303130651721
0.620809176605 0.406739551067 0.303173219084
0.5202927044 0.46309130506 0.303240275052
0.169367023025 0.641225368349 0.303558257963
0.289984127163 0.584601692084 0.303384931641
0.050516792159 0.687425522478 0.303770321831
-0.0479997141876 0.714401954505 0.303808569125
-0.128418449829 0.615192192479 0.304118035191
-0.27373172354 0.576295940192 0.303926965509
-0.406084734244 0.513977763765 0.303564187953
-0.552950761191 0.414506390854 0.303083161338
-0.625904086018 0.24699894119 0.302764713823
-0.677458379448 0.109977548047 0.30266460293
-0.709953829503 -0.0132985791317 0.302644882367
-0.715044270737 -0.131109360299 0.302688065111
-0.673471890487 -0.23685496842 0.302759760561
-0.60352451557 -0.346498963456 0.302819935901
-0.510665639164 -0.458831488598 0.302864113075
-0.38381220229 -0.59021321886 0.302908613799
-0.207860348668 -0.645658321343 0.302929490475
-0.0606060181067 -0.674696848824 0.302928136499
0.0757697162799 -0.682876135878 0.302936907108
0.213129369232 -0.681509109399 0.302946078859
0.334180701496 -0.675082462818 0.302963099315
0.423736557262 -0.668247446782 0.302978601265
0.463332922041 -0.589486401129 0.30298077705
0.620930401219 -0.241152972294 0.303049288748
0.571274134231 -0.36708584826 0.303016593919
0.659917490253 -0.110459095866 0.303086031681
0.684782045394 0.0223804414931 0.303134389979
0.208026045613 -0.0996378152886 0.303176391792
0.292072913277 0.0167297060594 0.303298041995
0.0856103918473 -0.115334192804 0.303109752357
0.0597603834465 -0.214918156351 0.30307592062
-0.0740779893972 -0.250493026762 0.302965809639
-0.000567726906796 -0.312918031033 0.302961919008
-0.10907485488 -0.189513679267 0.302989234057
-0.178632440705 -0.181522230351 0.302936436491
-0.266053753927 -0.142279806296 0.302880572572
-0.355852975987 -0.0817860376108 0.302812522264
-0.375238686315 0.0827479745197 0.302865027082
-0.447634580446 -0.0087367367748 0.302679097409
-0.279214655371 0.1672065962 0.303185854099
-0.239240098462 0.285929633472 0.303550845567
-0.195346525239 0.355791772492 0.303800354299
0.19854929752 0.293130646762 0.303607142294
0.478141849416 0.332998795912 0.303455586358
0.590014621869 0.295771622069 0.303297419994
0.126959538049 0.497961562615 0.303915830299
0.24336351415 0.438480153151 0.303605381611
0.00993627724164 0.556429214947 0.304263121935
-0.226951778066 0.440995446931 0.304414343059
-0.322409397625 0.378732676804 0.303884212844
-0.410549966453 0.283231733469 0.30322738117
-0.489946293389 0.171502942708 0.302752334732
-0.552287766343 0.0600603477894 0.30257620605
-0.599418872398 -0.041285077329 0.302537643029
-0.629810650208 -0.118014064705 0.30254130219
-0.576409052729 -0.183296132078 0.302655720376
-0.500632569316 -0.265340614969 0.302740470529
-0.402915664746 -0.352111983092 0.30280302678
-0.280981600955 -0.436347662655 0.302846317801
-0.152378713617 -0.503099549914 0.302877126026
-0.032652784519 -0.542922738469 0.302869829906
0.0921626883915 -0.543638807319 0.302894277418
0.223708853284 -0.551028353331 0.302915319567
0.352080169851 -0.565099838509 0.302956662648
0.479390366207 -0.200511982391 0.303121663998
0.433023421616 -0.326513939889 0.303036442243
0.520333265556 -0.0761969761141 0.30320621334
0.549911699719 0.0460112634508 0.303312676567
0.56800027761 0.171763820376 0.303367587045
0.344058963357 -0.157757393016 0.303195873319
0.397751533983 -0.0350785219691 0.303351855192
0.100229035599 -0.395881599695 0.302883794214
0.168322991731 -0.250768895183 0.303058322592
-0.088708912415 -0.389641163057 0.302853080641
-0.00704422044499 -0.442815167074 0.3028110592
-0.187500431163 -0.300161939333 0.302835931267
-0.32040511203 -0.244242777377 0.302757801414
-0.421343526865 -0.173291615529 0.302714506962
-0.509981763721 -0.100315647349 0.302638687471
0.252649360687 -0.420406015396 0.302935521425
0.299619959879 -0.288527944025 0.303045902317
0.434518966093 0.0761069727271 0.303554723508
0.447135111479 0.197110776001 0.3036575828
0.313036512011 0.209917376938 0.303581363261
0.346542797127 0.100918018575 0.303518664085
0.516708808585 -0.485365681597 0.302992875353
0.387665727211 -0.448345303367 0.302974888014
0.409298000313 0.523747666203 0.30327518364
0.358903806549 0.377303514018 0.303449105747
