6.07153216592e-18 0.01 0.303227359564
0.01 0.0 0.303249086306
0.0835401147366 0.0623674151428 0.303177905998
0.0402521532882 0.0927651287084 0.303147872982
-0.01 0.0 0.303189777729
-0.0602776076103 0.0850411550796 0.303091327443
-0.107474566518 0.0277124625836 0.30312113452
-0.00563864691527 0.126429608726 0.303105810207
0.0782588095567 0.171106775017 0.303113079559
0.00112457047293 0.203475618816 0.303081156144
0.143757195082 0.131628976244 0.303128065574
0.0793521770898 -0.0101539716258 0.303235658302
0.136043235388 0.0254138959222 0.303179524132
0.0923900160013 -0.0565534630057 0.303291807798
0.180876250456 -0.0326820705459 0.303211074033
2.16840434497e-18 -0.01 0.303285542336
0.0119758087241 -0.13447985334 0.303399651311
0.124057340602 -0.149618980606 0.303381086094
-0.0730647585213 -0.108243207782 0.303306388709
1.0 0.0 0.303021033031
0.985615910348 0.169000820322 0.303018196475
0.805482546865 0.126312062592 0.303075766772
0.825402583032 -0.0256315538683 0.303084372087
0.942877445461 0.333139794742 0.303017251978
0.761849489973 0.274042163866 0.303071829114
0.873014113161 0.487694943814 0.303017160003
0.700801369354 0.417282787647 0.303066520786
0.778035754318 0.628219997296 0.303017509828
0.62004415015 0.549375172506 0.303063255023
0.66067472339 0.750672305253 0.303018350958
0.533161179882 0.667766905247 0.30306214579
0.524307283557 0.851529137733 0.303011529883
0.470400363071 0.764355422166 0.303033093102
0.37285647778 0.927889027297 0.303009742022
0.356614262212 0.771675592466 0.303039530331
0.210679269996 0.977555238948 0.303002291548
0.206551984445 0.785507527163 0.303019406893
0.0424412031961 0.999098966205 0.302990853227
0.0469707613914 0.807107835208 0.302968529045
-0.13634737543 0.990503874168 0.302982926921
-0.112729696755 0.809215517717 0.302926607621
-0.310741448372 0.950260383949 0.302978780001
-0.265642658819 0.776635615818 0.302897362622
-0.475197877482 0.879651361491 0.302972756621
-0.407007020479 0.7140703702 0.302877942813
-0.624488128297 0.780920351657 0.302970260479
-0.536015130015 0.620963058213 0.302865264385
-0.753712688482 0.657068642713 0.302965471933
-0.65467229935 0.520071825618 0.30286807121
-0.858690796209 0.512103170309 0.302972036468
-0.760229457669 0.452342811546 0.302917398332
-0.936215926277 0.35079165387 0.302962569086
-0.772437172544 0.32719974818 0.302872002689
-0.983824650037 0.178262698027 0.302964452232
-0.806268513597 0.174971201803 0.302865661657
-1.0 3.48199086394e-16 0.302970971117
-0.826683775385 0.018376021607 0.30288003453
-0.984720280192 -0.173631759175 0.302976100459
-0.813946376303 -0.132704613163 0.302893313703
-0.939546685869 -0.341965724306 0.302982814386
-0.771054682033 -0.277693208024 0.302924417158
-0.865852454685 -0.499899057061 0.302986162629
-0.695277844908 -0.412429529467 0.302942223362
-0.7658742214 -0.642644320004 0.302990248842
-0.601343287424 -0.536930521642 0.302967423831
-0.642644320004 -0.7658742214 0.303001057449
-0.501516469336 -0.654942338505 0.303007130902
-0.499899057062 -0.865852454685 0.303000854658
-0.434953715466 -0.76293414147 0.30301017875
-0.341965724306 -0.939546685869 0.303016593304
-0.304992984071 -0.769226825784 0.303064720744
-0.173631759175 -0.984720280192 0.303043634808
-0.146406279463 -0.793667665078 0.303175076278
-4.51028103754e-16 -1.0 0.303074476108
0.013000698915 -0.811891247691 0.303289301892
0.173631759175 -0.984720280192 0.303092223393
0.167025500848 -0.814208966176 0.303365393316
0.341965724306 -0.939546685869 0.303081317807
0.307528759421 -0.79260979921 0.303355913196
0.499899057062 -0.865852454685 0.303091537443
0.427994431111 -0.723759300917 0.303368595065
0.642644320004 -0.7658742214 0.303063150887
0.547102935229 -0.629126166722 0.303269197148
0.7658742214 -0.642644320004 0.303049815252
0.664448235461 -0.521510775383 0.303183950711
0.865852454685 -0.499899057061 0.30303027145
0.767291346005 -0.450146954478 0.303096150817
0.939546685869 -0.341965724306 0.303038764623
0.776578098551 -0.330058376232 0.303119006287
0.984720280192 -0.173631759175 0.303027542109
0.808767542517 -0.182326949724 0.303098028878
0.207828666893 0.0836560558202 0.303145072143
0.269575321794 0.0213870211236 0.30316185471
0.235315261436 -0.115748402737 0.303272981853
0.330931351849 -0.0541657890442 0.303187416005
0.134436605117 0.260846637125 0.30310269455
0.0478337268984 0.308306529492 0.303051349954
0.207363697726 0.208709920021 0.303132631832
0.286697310224 0.161113147819 0.303181992459
0.357069589803 0.0885347424389 0.303191596102
0.413729676142 0.0086185079052 0.303202546273
0.401297578261 -0.129102154566 0.303215370166
0.452271398356 -0.0599245897503 0.303221866261
0.312966564051 -0.214749324684 0.303377603931
0.17175163228 -0.308190424488 0.303730520838
0.00333730289515 -0.28067145824 0.303576594233
-0.125113275027 -0.239813064761 0.303319885509
-0.171935330271 -0.0672432502803 0.303160628383
-0.238784869996 -0.18500659206 0.30309906788
-0.200374085082 0.0991949709773 0.302965551178
-0.273303216481 -0.00657430813324 0.302978845644
-0.110682689883 0.201173944789 0.302972201832
-0.0575724605245 0.350920930877 0.302903128519
0.115950692857 0.427483201666 0.303045489252
-0.00195627185236 0.48087119845 0.302876075367
0.205190533437 0.350214079995 0.303129997458
0.604089700705 0.220208168576 0.303167655414
0.648840986384 0.0873841204765 0.303167303713
0.537122588988 0.351160059944 0.303181279116
0.469205460868 0.488642528329 0.303144024504
0.394998345926 0.62692892735 0.303099284374
0.217493970773 0.579585889651 0.303078295434
0.0439363572969 0.633048226763 0.302927299756
-0.102667686785 0.64871484286 0.302826465836
-0.230112329557 0.636879921848 0.302769016884
-0.34155666202 0.574892162597 0.302690043707
-0.455006096389 0.477799472447 0.302652128613
-0.591801980505 0.350751263552 0.302654507031
-0.644560764322 0.17016067055 0.302678401256
-0.674942443656 0.0250166846419 0.302732844134
-0.67627294992 -0.100922242621 0.302769195037
-0.626903284687 -0.214203254464 0.302824182365
-0.547584777836 -0.32781562876 0.302882497395
-0.445010674442 -0.439597874392 0.30296976746
-0.314415836643 -0.573409381531 0.303159568599
-0.120255723214 -0.611247783066 0.303533936469
0.0392838261608 -0.641077554879 0.303789763004
0.177735404025 -0.667719900889 0.303888355117
0.27867881721 -0.690651575855 0.303692187134
0.350772288184 -0.611625027467 0.303944944792
0.452583910337 -0.505565803184 0.303582517348
0.595510567884 -0.368866167209 0.303320410188
0.649926560694 -0.194582375973 0.303207925752
0.665665700148 -0.0492420861864 0.30317927601
-0.34690440809 -0.117709293849 0.30294839707
0.374651960282 0.275435541874 0.30327590357
0.462189841782 0.159744691882 0.30327219803
0.320096134725 0.424455181277 0.303224014306
-0.116295319489 0.518820367264 0.302713670248
-0.204219981527 0.54225959524 0.302647679238
-0.267487658264 0.473314815849 0.302501183737
-0.349513009203 0.37172456587 0.302453284738
-0.435888356812 0.251678202616 0.302458426111
-0.502376699637 0.124110192793 0.30253901943
-0.550246354866 0.00783702234165 0.302614539112
-0.581435340184 -0.0801623940381 0.302633708145
-0.517786715766 -0.147401961835 0.302752743505
-0.431857477188 -0.229217291507 0.302847774604
-0.32695835105 -0.311681121466 0.30302259638
-0.200522268879 -0.389165982648 0.303363444629
-0.054312486415 -0.44018243583 0.303830283062
0.0969619109349 -0.482193930024 0.304298826377
0.23665182475 -0.542466181079 0.304559474923
0.324553679147 -0.413013619227 0.30396498452
0.434389186585 -0.294720319203 0.303402655735
0.539217550321 -0.0589298921798 0.303234271926
0.508245047993 -0.173208840832 0.303241316918
0.515993313906 0.0500430384631 0.303253947138
-0.382997799004 0.0604294382521 0.302765090834
-0.445473573645 -0.0494673186618 0.302820028305
-0.310676500657 0.173219452405 0.3027272773
-0.235334762352 0.288083211438 0.302701915675
-0.168079789244 0.407181163821 0.302686102431
0.26287231147 0.278805913035 0.303180555238
